2902
2937
3885
4884
1114
4837
426
1510
755
1359
1612
2267
3250
352
2286
3966
1439
4096
862
3041
572
4002
3100
1516
1451
4221
3635
4218
2193
2150
4006
4738
2757
4202
4776
3261
463
4895
1330
219
2087
4699
858
4279
4581
3812
1110
4439
3136
96
154
3896
3192
3591
1956
2899
2814
826
3638
843
2714
3086
571
4825
3860
2922
4198
2153
2283
3122
4463
1745
1309
3752
263
2796
2801
4705
1872
3526
386
2555
1642
555
3019
357
2257
4336
4269
4210
1022
3343
1717
4241
354
4957
2320
3408
2187
3857
3311
3144
4803
112
1870
4998
449
1429
1449
3173
1583
189
1005
2867
2506
3229
2634
484
1601
1400
2978
2215
4000
4393
4658
1385
4900
3617
4379
2733
1960
3082
2205
670
1605
2866
418
150
4838
4230
2174
2665
4526
4209
1981
2031
1680
4211
2534
3864
3168
2857
958
4480
2680
2907
3036
137
684
1868
162
2586
89
1514
589
3294
893
3281
1707
1893
1111
1966
2795
3157
3015
3459
1665
2883
3062
2610
3590
1982
2979
2493
2659
4913
3881
591
622
750
4179
1677
344
2600
558
3986
693
1929
3727
303
3823
551
524
1001
1060
3278
4385
704
1860
4178
471
3372
3951
3148
3176
327
101
630
2050
4631
4054
4711
2316
1750
1517
1191
3909
2615
3813
2080
3553
4266
2592
1664
3115
2275
287
1249
501
3831
121
757
1442
1188
3687
922
4016
4617
265
895
3369
369
4966
4182
4194
4132
4139
3280
1548
2974
1867
3653
780
1557
4502
405
607
4919
1725
3023
19
2945
4285
4974
444
682
781
4339
3476
1031
988
4378
1214
1097
4094
4758
4533
3275
3880
1070
4372
1620
4122
697
108
2643
4072
1087
3557
1521
952
2049
3636
4729
4831
412
487
504
2603
2315
4370
2034
144
2526
1156
3305
640
2626
3933
4172
3171
2756
4969
2548
3762
1806
4726
2166
2092
1499
1078
4747
199
3942
3868
383
2926
3039
3539
829
1641
641
3844
1049
4090
2771
4922
3765
994
4523
360
57
774
2780
1761
3355
313
489
3291
4544
967
1285
4757
1273
33
3006
321
3744
3242
4381
785
3456
4772
626
134
3606
1540
66
742
2304
4252
4864
2028
3413
603
657
252
1025
4811
1435
4603
4716
246
3165
3968
125
3248
2640
738
4736
4844
1360
1071
1551
1334
713
2505
2604
927
4124
4755
1201
906
1829
4792
1139
3537
4947
2297
2516
3800
1193
4076
3198
2841
1689
3075
542
201
1351
1336
4907
3607
3984
4332
4334
615
4501
2183
4724
4627
3258
4430
4653
4408
455
764
2466
2973
335
2489
432
3825
1769
2500
1820
1382
1998
3457
3848
1741
3427
351
71
3160
1251
4475
1275
184
2938
1458
1238
2726
3181
2831
2016
4723
901
311
4001
3032
136
3461
4116
1245
4312
1013
4979
4643
2540
4237
4505
4878
1674
1054
2635
1782
2029
4021
3262
1536
4343
1203
2905
3004
852
2437
4419
2497
1969
276
3049
3473
1019
1053
1943
944
4820
2561
3949
4043
159
2748
809
3842
2484
938
1150
2127
2088
1869
1941
775
2932
2880
1881
1390
4987
1368
3972
2131
2162
3436
1256
4890
1796
3977
1858
4547
1992
4648
3756
4253
1891
1257
4778
4649
4870
4199
1723
115
3649
981
2479
3238
111
525
4451
1075
3321
2840
2218
617
4013
2576
2352
956
4183
732
2372
3901
3918
3785
338
606
4722
3524
4567
982
4622
4368
4231
1732
3654
160
4029
3626
1416
3837
3069
1560
2207
3667
325
4067
2010
190
156
668
1069
4143
247
4751
695
3061
628
716
2071
315
1970
1393
1098
373
3967
3555
1447
26
4710
3109
4955
1152
350
2810
4725
3866
1531
139
1985
2608
959
3658
4052
2736
4302
1289
1488
4507
4706
196
3822
477
506
250
1118
1209
4299
2729
2235
3932
4994
2417
1908
4973
4970
2171
4656
3598
613
1244
3597
4418
579
4078
312
3657
878
3140
4359
792
2237
424
3927
2687
4479
2172
4732
2303
273
4219
4596
1235
4083
2421
4780
1931
4038
3088
4310
588
4927
575
2668
2135
97
4162
3506
3448
2691
904
232
435
4435
2787
1381
1248
224
2591
3621
1977
1180
1824
2006
1828
4595
4773
614
3072
358
3106
1819
1142
1446
4933
4243
3332
1599
166
3775
2688
3808
4583
678
4943
2701
634
978
3594
222
616
597
2036
1215
3128
329
3541
3819
840
3567
778
4203
1225
2785
4862
2788
662
3715
3464
2658
3442
3542
4287
1880
2178
4165
1287
3568
891
2849
1709
4790
460
3213
2735
2896
1600
2621
4407
3103
84
1303
2679
3172
1576
4464
2791
660
4081
3847
2521
183
2295
3852
1544
4440
1910
4034
4410
3380
3735
4537
2013
2351
3608
4037
1348
2673
4917
2923
777
1571
3903
397
651
2730
4404
1431
4539
61
3308
4997
3328
4899
285
4898
4325
223
2475
348
1648
1735
2009
3679
4085
3830
3189
440
3992
2310
4814
3104
2326
421
823
1543
1555
3997
4348
2318
1565
1292
935
453
4377
1615
3102
1151
4926
2965
3362
812
3208
3026
4245
886
4487
4701
1651
4288
1727
642
2094
3628
3699
4745
2412
447
1325
279
2082
3522
3382
2389
3609
4053
923
1436
1144
2741
1394
2594
1925
2579
3681
2330
4999
4012
3497
456
2261
4416
2463
1594
428
3788
4940
3732
2704
1522
1272
3334
98
1863
649
1157
238
3517
4472
4996
1682
3690
1104
2988
3060
3143
4860
1036
890
1554
2103
384
1236
4091
3346
4798
3742
221
2705
3875
2143
1042
2151
1362
2584
1706
1146
1261
2960
4598
4680
4602
1711
3948
3684
236
1683
1420
3930
3895
4856
4625
4700
2510
495
2005
1973
2453
937
3323
3186
2715
4478
2644
619
4629
1898
2968
3661
4793
4575
1262
1471
1425
4226
4337
4113
3891
1136
2832
3052
479
