3881
1516
4006
4096
4218
1745
3041
4792
2902
357
3250
4139
2937
2555
1359
2498
2801
3681
2626
2187
3885
4393
4776
484
1870
524
4221
2153
3638
435
3229
4124
1330
558
222
3192
1439
285
1969
4723
2796
463
189
952
3343
893
1510
4803
1642
2603
1360
4596
792
4016
2757
3171
303
3506
1612
3372
4722
3709
3775
1960
885
2320
2466
1118
4987
2283
3148
2257
2193
2034
426
3923
4172
551
862
3324
3608
750
3553
2978
352
4002
4539
1910
3531
3032
273
3275
1828
4285
4286
1544
1822
843
4825
471
4699
3135
4962
3198
4705
2974
4439
4490
3812
4368
1717
780
327
2191
3896
2672
3157
2031
704
2087
682
4138
1567
1249
742
2548
4938
684
3136
3034
1620
3088
2814
4336
3951
1090
1042
2267
150
166
2249
4729
3654
3815
4658
2927
1031
542
1998
4581
1925
223
2652
1985
3122
358
2162
3089
841
4969
3719
4065
369
2304
412
1256
1834
3800
3984
3617
287
2733
2183
354
2013
89
44
1241
607
3831
1005
3859
4831
4773
3060
4111
1601
2049
1025
3386
3653
3028
525
2938
1892
3181
1157
1114
571
967
3635
3129
2150
3144
3735
1879
1309
1868
3311
4209
4480
4955
3822
2634
2286
3966
162
3762
4173
2749
1893
2450
4997
4253
311
2526
2960
4013
3742
4627
660
3844
580
2561
31
4811
3261
2088
429
2693
3928
2643
1116
1548
3172
1871
2178
4288
4600
1644
630
4957
139
112
19
4072
1880
4370
4348
1929
693
3332
3842
2947
1385
101
3860
4617
2688
3803
424
3662
4000
154
895
4965
2076
237
3903
3258
3872
3047
527
137
330
1188
3308
4113
3661
1840
3100
1636
641
2756
4709
4279
1512
777
4718
3049
4570
3357
405
4649
1680
1941
1677
4838
3459
2737
626
662
2127
159
4923
3408
1536
2867
1898
1325
4507
2791
2729
3968
695
501
4132
3752
1927
4706
1244
2284
3917
3052
2235
4844
3075
4879
2579
1022
2046
4311
383
3603
3280
922
1796
4053
3294
690
2080
764
1832
280
619
1825
3216
1530
121
968
3868
3411
4505
3864
591
360
1106
1615
2776
3424
2939
2754
4334
1069
1235
2094
3168
1414
4591
4133
2237
3035
1381
2385
1867
3442
4135
4451
4035
440
3852
33
1881
2417
4946
4407
1652
1932
1600
4143
3743
326
903
100
1245
572
4379
852
2658
3932
1351
4747
261
2714
3591
386
2945
4266
1713
2437
4080
1775
3015
206
678
1602
57
3113
1041
4778
2210
3909
713
2831
3081
2497
3657
1665
4271
2980
1146
3830
1651
1515
4981
634
4453
4302
4523
1334
1217
4043
1425
2932
3020
3278
3201
3404
2680
4163
2592
4330
3141
3454
3684
1585
4996
2690
3086
4895
370
3377
4726
4199
3338
2576
3062
4055
4179
3944
4027
1583
2539
774
824
3895
4900
773
1726
2359
528
3526
78
4856
3744
1752
2778
1735
4724
4194
2490
4769
1732
79
3427
489
3082
2604
321
2016
2622
982
3886
3665
2505
1943
1863
1557
2735
1193
2352
2112
3527
783
4736
3128
4884
4461
364
1431
3823
566
1300
4786
3720
492
3986
444
1793
3674
2779
794
1104
2780
2341
1605
808
3858
84
3436
2711
3433
4933
3074
2029
1551
650
785
765
2787
4501
3715
3257
2615
1819
4177
3901
3606
4404
4913
3369
724
2866
1488
3166
1021
752
1517
1493
2215
3690
1723
2358
4038
4835
3857
1293
1001
3597
2715
1201
2326
1070
3649
3495
2412
4625
201
4241
232
4860
4222
1970
265
1262
4243
1806
4001
1159
3997
2679
935
2657
4621
4479
4015
4219
2122
4526
2968
96
4475
3808
1853
2266
2996
937
4157
3481
3636
3331
3813
26
1287
3538
4738
3213
904
4793
617
14
1066
1727
3346
1597
1990
775
3847
1150
3022
4542
4700
3175
3473
4701
3061
3972
4548
3848
4081
2009
4210
4731
4862
4798
3976
3149
4090
4758
2828
3461
3253
3125
2092
2253
2563
1641
1710
3533
2211
1008
4440
3456
2479
3240
4837
1956
2078
2649
2635
2665
670
3942
115
1110
3679
737
4647
2691
657
887
4898
1060
3587
2610
2483
2849
3095
981
2648
1302
4129
415
2659
3609
1393
2071
4325
3376
4557
3317
3879
1236
2973
583
1521
855
3103
1689
2623
4903
1442
2651
3486
4052
1037
4269
4037
4578
2039
193
4791
1049
1698
3349
3547
959
2388
227
1251
929
788
3869
2528
428
2839
1569
3335
828
2522
4922
4710
3594
2976
3115
363
3102
4034
2306
3563
1471
588
1475
854
4745
1191
2174
2663
1999
3936
4653
1837
1273
2073
603
156
575
3856
4252
3816
1134
3334
958
2730
1027
4942
249
3503
219
1908
4160
4198
1741
4339
4634
1214
779
3227
1497
3607
738
4890
990
732
3596
1252
4583
1390
4145
1348
4342
3756
1216
197
4763
2883
2584
2230
4323
3701
2874
2217
3676
4310
3580
3723
655
3774
4631
4418
3515
2303
1872
2699
4607
900
649
271
1126
3036
1709
432
1336
198
905
3666
4258
3464
4201
2731
4714
3827
4162
486
1261
1310
1312
927
353
3959
606
1183
3070
384
4691
2969
1507
1383
1282
1578
3960
2869
4575
2708
822
4067
2315
4651
276
4178
334
613
3295
2594
2459
418
1436
4208
1896
4940
1206
658
4131
4826
2185
3584
4463
1992
2617
3727
3063
3203
1117
1203
4057
1765
3545
4806
2540
263
3106
1072
4643
858
4478
2880
3190
4188
2586
547
840
1545
2907
2407
1913
2554
1111
3076
906
1637
3913
1362
4919
3281
3995
517
769
721
3066
3865
2077
2993
3737
2438
340
333
2621
2524
902
160
4094
3646
2946
614
3109
3291
2899
455
1160
12
3507
2299
4937
3410
4629
1744
4912
2889
1433
1353
3642
2721
3350
2905
4202
2484
943
1623
1295
2152
1062
4314
585
2928
4648
130
4051
4161
4324
2596
