3874
4786
1181
3892
22
2691
2578
1669
3110
338
726
4086
334
2145
3975
1905
3229
2432
200
1014
3500
249
1499
719
2259
700
4350
436
1359
4998
3109
1138
3620
4165
4160
4591
4931
495
3507
4251
2683
1923
4354
830
886
1854
3682
2169
4481
1967
1081
352
4328
374
1694
2993
340
1729
4233
4140
2114
564
3420
1551
3316
3064
2268
1639
4706
467
2656
913
262
3871
959
3836
2919
1342
4018
3821
862
4525
56
4424
3925
3665
1250
4082
2461
3157
4248
1394
1088
421
4239
3224
386
712
4955
2231
3831
1766
1542
2528
1887
3664
865
3219
458
4395
2176
2320
4834
353
1272
86
456
3122
3214
4608
401
3029
4483
4511
2229
878
782
4610
4537
3887
2285
1179
2056
275
3362
3646
1784
4818
3460
3493
4078
1781
4465
1713
2629
821
267
2546
1900
746
4242
764
4077
1821
2025
2226
2387
490
3061
4276
3554
3536
3516
3168
3501
15
2386
710
2525
4390
3331
1559
1776
4964
1794
634
2980
3178
3992
2564
3713
1420
3096
2480
1402
4656
73
1310
1534
4235
1187
3700
577
1139
1129
1154
3807
3426
3759
4469
1748
1105
1706
219
375
257
1012
2897
2295
474
938
4740
3876
684
4307
2985
4992
2868
4914
1380
2942
1733
2425
1091
4754
1078
4622
3210
1991
4348
4674
580
1944
4784
4911
1336
3063
638
1752
2982
3424
2369
3200
2678
4089
4833
2690
3541
4588
867
3674
4609
3144
4843
2757
3374
169
314
972
973
4359
969
294
3815
2609
3459
903
671
4327
4990
3172
2011
1593
877
4280
1457
1374
2676
363
3270
1264
2418
2588
2741
3089
2566
3074
549
74
3757
373
1167
1385
4521
2098
1065
2677
3688
1002
3253
2589
4922
749
2827
3008
1441
4735
4114
444
2261
3377
2376
61
1098
1412
3706
1971
931
259
2920
4241
613
2999
3079
4415
1792
4074
1931
4321
511
541
476
220
2201
3337
3068
4556
113
2404
2170
369
3790
1880
2990
2936
980
4421
2116
1060
2312
4277
4475
3292
2137
1947
4648
4036
4480
2994
2135
2083
1680
2018
4426
2307
2456
4109
4210
1286
896
572
3893
3099
4575
4811
4185
2305
1079
3599
2212
866
3310
3498
139
1376
1341
3591
2288
4492
2336
4002
1563
1873
3345
1509
2559
761
1069
2037
38
3630
1906
4382
605
3033
2402
1511
756
3779
4667
2206
3469
1011
463
729
1130
4084
3231
1643
1246
2536
616
1277
754
4731
645
574
929
2468
3824
2545
2615
857
1229
1143
2079
3537
1630
1519
4906
1582
1842
151
3915
1808
1569
2922
3716
4961
2233
1555
1836
306
1735
3472
2592
1494
1671
2340
1169
3160
2801
1738
3912
828
4495
1260
4148
4265
4566
3858
4050
4245
986
312
4625
2573
2179
1399
512
3121
1222
4380
516
1051
2132
1910
4066
308
1292
4522
3932
388
2789
2501
1613
1361
3982
3597
193
3458
1786
3961
1604
4274
2876
1989
3918
2326
198
3328
4572
1373
2673
3637
1790
654
4836
2165
4504
1711
4530
993
4715
2102
2886
1006
1463
496
186
4094
1434
4951
4749
2065
4027
3708
2911
3752
1598
1200
3627
3442
3989
1403
3433
2733
2662
2800
112
1478
4515
2420
349
3032
1579
2158
230
3553
345
222
4083
4685
4261
4512
3140
1388
1504
2709
3503
623
4403
2339
882
3038
678
2971
3376
3813
4842
3999
1162
1191
1815
14
799
2907
2302
4200
2722
415
2406
4629
2193
1528
255
1837
3741
852
528
4202
4683
3284
2130
3548
786
4302
4769
4370
3044
2628
3786
1631
1452
3401
4478
2498
3647
3130
4281
3621
3930
2724
4574
309
2649
3318
650
3228
2608
4875
2488
4746
1968
310
1632
3414
720
1686
1802
4112
839
3301
1557
491
822
1239
1224
1705
232
3308
3299
367
1061
651
4171
4506
1168
3162
4374
4887
4513
2040
1647
3236
201
1005
4122
2681
1537
2400
1629
10
1935
1571
957
4923
2019
4225
2210
3300
2451
3703
1611
3446
4562
378
699
3177
59
1038
3365
2262
2200
1997
4442
2246
25
4600
3796
3232
4718
3268
4678
1108
2537
4723
1214
3390
3924
2072
2364
4509
1140
4690
1882
1851
2292
1885
3474
1322
3009
2671
1653
4909
3793
4614
3134
1131
2485
3017
2375
586
4940
196
3031
1617
3775
673
2505
4441
1843
2770
3158
3453
606
3097
85
1783
4814
4240
4145
1603
2412
4342
713
670
377
690
2382
2416
4098
1661
3269
848
493
1353
2303
1371
1170
4850
2504
2184
4341
976
2263
2298
380
270
4468
4595
3721
2750
3911
3683
3829
1451
1383
3543
824
3357
4696
1779
4865
1850
1142
4093
2844
2900
939
3526
1422
4411
4557
4599
2968
1126
691
1855
1414
2527
4660
3375
1797
2443
1118
3461
2812
4454
2017
137
2917
2450
4672
3220
4554
4639
2696
3147
3282
3360
4308
965
600
1911
2436
4326
2955
1010
2329
818
663
3736
1418
134
590
268
2471
779
2331
3675
3188
1064
4727
4722
1876
2361
1619
2428
3560
967
545
2759
4257
2345
1177
3191
4776
4258
1020
1262
2669
2953
1970
2655
3135
4398
140
3107
4756
3734
3558
4041
994
4215
90
2396
4259
21
2148
3772
1816
4490
711
4001
1232
2293
1381
797
3165
905
4884
3234
4808
3011
2153
1500
281
1828
298
3739
3190
955
1813
1075
2964
4957
238
2611
84
4195
2836
4312
4633
1030
2880
1144
4734
3117
3849
4905
3668
1025
4508
2887
3651
3855
1243
4231
2207
1171
698
3816
658
3325
3207
3771
242
17
795
704
2378
2647
3005
502
4330
4462
2439
727
3634
462
2008
4339
3731
3566
204
1237
4405
4358
2957
3963
560
855
2872
148
2938
4464
2863
1965
4238
3799
4218
2867
4334
735
773
3007
1840
480
2434
4003
4067
321
4879
3230
3492
2095
3133
13
744
