2
7
12
19
26
31
33
44
57
61
66
71
76
89
96
97
108
111
112
116
121
123
125
134
136
139
144
150
160
166
179
184
189
193
198
199
200
201
206
219
222
223
232
239
246
252
256
263
265
273
279
280
285
287
303
312
313
315
325
326
329
333
338
352
354
357
358
364
365
369
370
373
374
378
383
397
412
415
424
426
429
432
435
440
444
447
449
456
460
461
463
477
479
482
486
487
492
504
506
524
527
528
542
547
551
555
558
560
571
572
575
578
579
580
583
587
589
590
591
597
603
606
607
613
614
615
616
617
619
622
626
628
640
649
651
657
658
660
662
668
670
678
682
684
685
695
697
704
705
721
732
742
750
752
755
764
765
773
774
776
777
778
780
781
785
788
792
794
808
809
822
824
829
847
848
852
854
862
878
885
887
890
893
895
900
902
905
906
922
927
930
935
944
952
956
958
959
978
982
990
994
1001
1005
1010
1013
1017
1019
1021
1022
1023
1031
1041
1042
1054
1070
1079
1087
1090
1097
1104
1110
1111
1114
1116
1118
1126
1134
1136
1139
1144
1146
1150
1151
1156
1159
1160
1164
1167
1181
1183
1191
1193
1206
1208
1214
1215
1216
1217
1225
1233
1238
1241
1244
1245
1248
1249
1251
1253
1256
1257
1275
1282
1285
1286
1287
1303
1305
1309
1313
1325
1330
1336
1344
1351
1359
1360
1370
1377
1381
1382
1385
1393
1394
1397
1400
1414
1429
1435
1439
1442
1446
1449
1451
1458
1463
1484
1488
1497
1499
1510
1514
1515
1516
1517
1521
1530
1531
1540
1543
1545
1551
1557
1560
1567
1569
1571
1576
1583
1585
1600
1602
1605
1606
1611
1612
1620
1626
1629
1636
1641
1642
1644
1648
1652
1664
1665
1674
1680
1687
1689
1697
1707
1713
1717
1725
1745
1746
1750
1752
1761
1775
1777
1782
1787
1793
1796
1798
1806
1820
1822
1824
1832
1834
1837
1840
1845
1849
1853
1859
1860
1864
1870
1871
1872
1879
1880
1891
1892
1893
1898
1906
1908
1909
1913
1927
1929
1931
1941
1943
1953
1956
1960
1966
1969
1970
1971
1985
1989
1990
1992
1998
1999
2010
2013
2028
2029
2031
2036
2049
2058
2067
2076
2077
2078
2080
2087
2092
2103
2110
2112
2123
2124
2131
2134
2135
2143
2148
2150
2153
2157
2171
2172
2174
2178
2183
2187
2191
2193
2202
2205
2207
2215
2217
2218
2234
2235
2237
2246
2249
2257
2261
2267
2275
2284
2286
2297
2299
2300
2303
2304
2307
2310
2316
2320
2321
2326
2336
2352
2355
2358
2359
2367
2386
2407
2408
2411
2430
2437
2439
2450
2466
2475
2479
2483
2484
2487
2489
2490
2493
2498
2499
2506
2516
2518
2521
2523
2534
2540
2545
2548
2555
2561
2576
2584
2588
2592
2603
2615
2626
2640
2643
2648
2649
2652
2659
2665
2672
2679
2685
2687
2688
2690
2691
2693
2714
2715
2719
2726
2733
2736
2748
2749
2756
2757
2761
2767
2771
2778
2780
2785
2787
2788
2796
2797
2801
2810
2814
2818
2828
2829
2836
2839
2857
2866
2867
2883
2889
2895
2899
2902
2907
2913
2918
2921
2922
2927
2928
2932
2937
2938
2939
2945
2947
2960
2969
2970
2973
2974
2978
2979
2988
2989
3006
3010
3015
3017
3019
3022
3026
3028
3032
3034
3035
3036
3039
3041
3043
3047
3052
3061
3066
3072
3074
3076
3086
3088
3090
3095
3100
3102
3104
3106
3109
3113
3122
3125
3128
3135
3136
3141
3143
3144
3148
3149
3156
3157
3165
3168
3171
3172
3173
3175
3176
3181
3192
3198
3201
3203
3208
3212
3237
3243
3250
3261
3275
3278
3281
3305
3311
3321
3324
3334
3338
3342
3343
3357
3362
3371
3372
3376
3380
3381
3386
3404
3408
3411
3413
3436
3438
3448
3454
3457
3461
3464
3466
3478
3481
3495
3497
3507
3519
3526
3531
3533
3537
3539
3545
3547
3552
3553
3555
3557
3558
3580
3584
3591
3594
3597
3598
3603
3606
3607
3609
3615
3617
3626
3628
3634
3635
3636
3638
3646
3653
3654
3657
3658
3662
3665
3674
3681
3684
3687
3690
3695
3696
3699
3709
3712
3715
3719
3720
3721
3723
3735
3738
3743
3752
3756
3764
3765
3775
3788
3800
3803
3812
3813
3815
3816
3824
3831
3842
3844
3849
3852
3856
3858
3859
3860
3864
3865
3868
3871
3872
3875
3879
3880
3881
3885
3886
3891
3895
3896
3901
3910
3917
3918
3922
3923
3933
3942
3948
3949
3951
3962
3965
3966
3967
3968
3972
3976
3977
3986
3997
4000
4002
4006
4009
4013
4016
4027
4035
4037
4043
4048
4053
4054
4055
4064
4065
4072
4076
4096
4111
4116
4122
4124
4129
4132
4138
4139
4142
4163
4165
4172
4173
4178
4179
4181
4182
4183
4194
4198
4202
4203
4208
4209
4210
4211
4218
4219
4221
4222
4230
4231
4241
4243
4245
4252
4253
4258
4261
4266
4269
4271
4279
4285
4286
4287
4292
4299
4302
4312
4314
4320
4323
4325
4332
4336
4339
4343
4348
4350
4354
4359
4367
4372
4378
4379
4381
4382
4385
4393
4408
4410
4418
4430
4435
4439
4451
4464
4466
4472
4475
4478
4479
4480
4490
4496
4501
4502
4504
4522
4523
4526
4536
4541
4542
4567
4570
4572
4579
4581
4583
4585
4596
4600
4602
4603
4617
4621
4622
4625
4627
4629
4634
4644
4647
4656
4658
4663
4675
4684
4687
4691
4700
4705
4709
4711
4715
4716
4718
4722
4723
4724
4725
4726
4729
4731
4732
4737
4738
4745
4755
4757
4772
4773
4776
4783
4786
4792
4803
4811
4814
4820
4825
4831
4835
4837
4838
4847
4856
4864
4879
4884
4890
4895
4899
4900
4904
4907
4913
4917
4919
4922
4923
4926
4937
4938
4940
4946
4947
4957
4962
4966
4969
4973
4974
4979
4994
4998
