2218
3015
2157
57
3469
2355
3121
1939
469
2976
3089
4780
6
4183
206
2411
4518
768
3909
3524
4475
3888
3754
137
1793
1606
1497
937
2234
1629
2969
156
2050
3785
3555
3935
325
4143
3030
3691
606
3690
1355
3331
901
404
4536
4195
1864
1006
810
2980
2791
626
4054
2073
2252
2078
4408
2545
826
97
2939
3454
2687
1531
1150
1156
2836
1001
2779
930
101
405
607
3408
3095
4418
630
4080
4578
1787
3248
4574
3461
1611
1543
2652
506
1704
548
1183
1098
2928
4095
4491
4736
3143
785
2483
4907
2421
3150
1545
4947
4732
779
4722
3237
773
4770
4631
2230
2310
854
2408
1272
2965
1138
1238
677
1597
1735
4814
4232
3920
3922
1576
4710
2024
1913
944
2392
1723
3701
327
3933
2771
4644
4700
2921
4142
2729
1019
3951
4348
969
4435
1908
3563
1385
3213
2122
3212
4350
1687
4884
3956
2029
2849
87
1837
4163
2584
3962
1245
1517
3066
1713
2524
3303
4684
4917
3201
251
4946
1584
3193
3976
1585
3192
302
4675
2112
1994
3608
3626
3607
187
4461
4172
2776
4837
3598
1512
1641
2352
4165
3653
952
4663
3175
4203
3172
4695
313
2336
4656
2973
3674
2668
2569
3696
3557
472
3699
3552
2388
4430
3547
4852
4222
3545
4469
4133
1880
4989
1690
4129
3709
678
1493
1110
3712
3229
2143
3720
2315
3519
2407
1394
3515
1257
1488
3154
1522
3743
1523
658
1796
2303
4252
4725
280
2092
2299
3756
788
3243
2286
3010
4737
1203
2284
2754
4266
1041
1620
3128
1530
3803
3812
216
2889
1648
3113
3825
4593
4279
4505
4064
3104
4062
811
2257
4286
223
1461
812
3442
2013
823
2691
824
3262
1136
4055
4053
4052
1858
4051
4755
528
3844
3026
2893
1710
1313
378
265
2693
3404
3034
4314
3879
1853
2932
3275
4962
4320
4027
3278
847
4892
7
1181
1605
4021
1546
2829
1013
3901
4772
2487
246
2489
4776
4981
249
4523
2215
3930
3937
1664
1090
1442
904
252
1017
66
1551
3060
4783
575
1840
1555
1557
1286
3335
3959
2206
3965
1157
3967
1284
121
4378
1752
566
900
3972
2202
1193
3837
1159
357
4372
4367
4379
2031
4381
358
354
2036
4385
4354
2028
364
352
2049
4343
1548
4393
349
4339
369
347
4336
1567
370
4332
4325
4323
1569
373
4312
4302
383
1571
4410
2076
2077
4287
4285
338
2080
2082
4271
4261
412
4253
333
2010
4245
4243
4230
424
426
4221
4219
4218
432
326
435
4211
4210
4209
4208
4439
315
440
4202
4198
4194
1516
2110
1583
4448
449
303
4451
1999
4453
4182
1998
1515
4179
4178
1514
1992
4173
456
1510
460
4160
4139
4138
2131
2134
4132
2135
4472
477
1499
4124
287
285
4478
4479
4480
1985
4122
482
484
4116
486
4111
492
279
4490
4096
2150
504
2153
4076
4496
1600
4072
273
1463
4501
4502
524
4504
4065
2171
2172
527
4048
1458
2178
263
4037
542
4035
551
555
558
4016
4013
2187
4006
560
4002
4000
4526
3997
2191
1451
2193
4531
1449
3986
3977
3974
571
572
2205
2207
3948
4541
4542
578
3942
580
583
2217
3923
1966
3917
3910
587
1439
589
590
591
3896
3895
3886
1960
3885
3882
3881
3880
1956
2235
4567
2237
3872
4570
3871
4572
3868
1429
1612
3865
3864
2246
4579
3860
4581
3859
4583
232
2249
3856
603
3852
3842
613
224
614
3831
222
616
4596
617
3824
619
4600
1941
4602
4603
219
2261
3816
3815
3813
622
3808
3800
2267
1414
3775
649
1931
4617
3765
2297
1929
4621
4622
1927
2300
1400
657
4627
2304
660
662
3735
668
3721
4634
1626
3719
2316
1393
200
3715
2320
2321
682
1390
3695
199
684
685
3687
3684
3681
1909
4653
695
1906
1382
697
4658
193
1381
3665
189
3662
3657
1377
3654
704
1636
1898
705
3638
3635
3634
1370
3624
2358
3617
184
1893
1892
2359
3609
1891
3603
3597
1360
3591
1359
1642
732
4691
3584
3580
2373
742
1351
752
3559
3558
755
3553
3539
764
3537
4705
3535
1879
166
4709
3533
4711
3531
3526
4714
3507
4716
1644
4718
774
1872
777
3497
3495
4724
1336
4726
160
4728
4729
781
4731
3486
1871
3481
792
794
1330
4738
1870
3466
1868
3464
803
808
4745
809
2430
3436
1860
150
1325
2450
829
3413
3411
144
4757
1652
2466
1309
1305
1303
2475
2479
139
3386
848
3380
2484
3376
136
3372
4773
2490
134
2493
862
3357
2498
3343
1665
1287
3338
2506
3334
4786
878
1285
125
1282
3324
4792
885
123
3321
887
1834
116
890
3311
893
112
4803
111
2518
3305
1832
895
1674
108
2528
1275
905
906
2534
922
2540
927
2548
4820
96
3250
1824
1822
935
2555
1820
1256
1680
2561
4831
89
1253
2570
1251
956
3203
1249
3198
2576
959
1244
3181
3176
3173
3171
4847
3168
1806
2592
1689
3165
1241
1798
3157
4856
978
2601
3148
2603
3144
3141
76
982
3135
3125
3122
990
994
3115
1005
2615
1225
1782
3102
3100
3090
3088
4879
2626
3074
2634
1217
3061
1777
1021
1022
3052
2640
3047
1775
3041
61
3039
4895
2643
3036
1031
1216
4900
1707
3028
1215
3022
2649
1042
3006
1214
2659
2663
2665
1054
4913
2988
2672
1761
2982
2979
2978
44
2974
4922
4923
2970
2960
4926
2679
2688
2947
2944
2690
2938
2937
1717
2927
2922
4937
4938
2918
4940
2913
1097
33
2907
2902
2704
2899
1191
1750
26
1104
2714
2715
2719
2883
2880
4957
1746
2726
19
2874
2733
1111
2867
2866
4966
12
1745
1114
1116
1118
2857
2748
4974
2749
2751
2756
2757
4979
2828
2761
1139
1171
1146
2814
2810
1164
2801
1160
2778
1725
2797
2796
4994
2780
2788
2787
4998
2785
3891
