6
7
19
26
31
33
39
44
47
55
65
82
84
85
89
90
96
97
100
101
112
116
119
121
125
134
137
139
143
150
154
160
162
166
179
183
189
193
196
197
198
199
200
201
216
219
222
232
237
239
246
249
251
252
255
263
265
273
285
287
288
302
303
321
325
326
338
340
347
352
357
358
360
364
365
369
371
373
377
378
383
386
412
417
418
421
424
426
429
435
440
444
445
449
456
461
463
469
472
473
477
482
484
489
490
492
501
504
518
524
525
542
544
551
555
558
560
566
571
575
576
578
580
582
587
589
591
597
603
607
613
614
615
616
617
619
622
626
630
634
640
641
649
650
657
662
667
668
673
677
678
682
684
685
690
693
695
697
704
705
713
732
742
750
752
755
765
773
774
775
777
778
779
781
785
792
794
803
809
822
823
824
826
829
837
840
843
849
858
862
863
869
872
880
881
885
893
895
903
906
909
922
927
935
944
952
953
955
958
959
971
977
981
983
988
990
1001
1005
1008
1013
1017
1019
1021
1022
1025
1031
1037
1040
1042
1046
1054
1060
1075
1095
1097
1098
1104
1110
1111
1114
1116
1118
1136
1139
1144
1157
1163
1188
1191
1193
1200
1203
1206
1214
1215
1216
1217
1234
1238
1241
1244
1249
1251
1252
1253
1256
1257
1261
1262
1272
1273
1275
1282
1284
1285
1286
1292
1301
1304
1305
1309
1313
1325
1330
1334
1336
1339
1351
1353
1357
1359
1360
1362
1373
1377
1381
1385
1390
1400
1414
1425
1429
1433
1436
1439
1447
1451
1453
1455
1458
1463
1493
1496
1507
1510
1514
1516
1522
1528
1530
1531
1540
1544
1545
1548
1551
1557
1560
1564
1565
1567
1583
1600
1601
1602
1605
1606
1608
1612
1615
1626
1636
1642
1644
1648
1651
1665
1674
1677
1678
1679
1680
1685
1686
1689
1706
1707
1717
1723
1725
1727
1732
1745
1752
1753
1761
1775
1787
1792
1793
1806
1817
1822
1824
1825
1828
1834
1845
1859
1860
1863
1867
1868
1870
1871
1872
1879
1880
1892
1893
1898
1909
1910
1927
1931
1932
1941
1943
1946
1956
1960
1964
1969
1981
1982
1983
1985
1987
1990
1992
1994
1998
2009
2010
2013
2016
2029
2031
2034
2036
2058
2067
2073
2076
2080
2082
2087
2088
2127
2131
2134
2150
2153
2171
2172
2174
2183
2187
2191
2193
2205
2206
2207
2215
2217
2218
2228
2229
2235
2240
2245
2255
2257
2261
2266
2267
2275
2283
2286
2289
2297
2300
2303
2304
2316
2320
2336
2352
2356
2359
2373
2385
2387
2388
2392
2412
2417
2430
2437
2448
2450
2453
2466
2473
2479
2483
2490
2493
2497
2498
2499
2500
2505
2506
2510
2520
2522
2526
2532
2534
2548
2555
2561
2569
2570
2579
2584
2592
2594
2601
2603
2604
2610
2613
2615
2629
2631
2634
2639
2640
2643
2649
2651
2655
2658
2659
2665
2672
2680
2687
2688
2691
2693
2704
2708
2711
2714
2715
2731
2733
2737
2741
2748
2754
2756
2757
2760
2767
2776
2780
2787
2788
2795
2796
2801
2814
2831
2839
2840
2849
2850
2866
2867
2869
2874
2880
2881
2886
2889
2893
2895
2899
2902
2915
2918
2922
2923
2926
2932
2933
2935
2937
2938
2944
2947
2960
2968
2974
2976
2977
2982
2988
2993
3002
3004
3019
3021
3022
3023
3028
3032
3034
3036
3041
3044
3047
3049
3052
3060
3061
3062
3063
3074
3075
3081
3082
3083
3086
3088
3090
3095
3100
3102
3104
3115
3122
3128
3129
3135
3136
3141
3143
3148
3157
3165
3171
3172
3173
3175
3176
3181
3182
3186
3190
3192
3193
3198
3213
3229
3230
3250
3257
3264
3270
3275
3280
3294
3308
3321
3324
3330
3331
3334
3343
3346
3357
3369
3372
3380
3386
3408
3411
3427
3438
3442
3459
3464
3473
3476
3477
3486
3487
3495
3506
3513
3517
3519
3531
3535
3537
3539
3542
3547
3552
3553
3555
3557
3563
3572
3580
3584
3590
3591
3596
3597
3603
3609
3617
3624
3626
3634
3635
3636
3638
3654
3658
3661
3667
3674
3680
3681
3684
3690
3695
3709
3713
3715
3719
3720
3724
3727
3732
3735
3739
3742
3743
3744
3751
3752
3762
3765
3769
3774
3775
3785
3800
3812
3813
3815
3819
3822
3824
3830
3837
3842
3844
3847
3852
3856
3857
3859
3860
3864
3871
3880
3881
3882
3885
3895
3896
3901
3903
3909
3910
3918
3922
3923
3930
3933
3942
3944
3949
3951
3962
3965
3967
3968
3972
3977
3984
3986
3994
3997
3998
4000
4002
4004
4006
4009
4010
4016
4027
4029
4031
4037
4038
4043
4051
4052
4053
4054
4055
4063
4065
4067
4072
4076
4078
4081
4095
4096
4113
4116
4122
4124
4129
4133
4135
4138
4139
4145
4160
4165
4172
4173
4179
4194
4197
4198
4199
4202
4209
4210
4211
4217
4218
4221
4230
4231
4241
4253
4256
4261
4266
4269
4271
4279
4285
4286
4288
4311
4312
4314
4323
4325
4332
4334
4336
4342
4343
4354
4359
4363
4368
4370
4371
4377
4378
4381
4385
4393
4410
4414
4417
4418
4439
4440
4451
4461
4466
4467
4468
4469
4472
4475
4479
4480
4489
4490
4501
4502
4504
4505
4507
4523
4526
4532
4536
4539
4541
4557
4558
4564
4567
4572
4579
4581
4583
4596
4602
4603
4617
4622
4627
4628
4632
4634
4638
4647
4649
4653
4658
4674
4691
4698
4699
4700
4705
4706
4709
4712
4714
4716
4722
4723
4724
4726
4728
4729
4730
4731
4736
4737
4738
4757
4758
4769
4774
4776
4783
4784
4786
4792
4793
4798
4811
4820
4825
4826
4831
4837
4838
4844
4847
4856
4862
4871
4878
4884
4895
4898
4907
4913
4923
4926
4927
4931
4937
4938
4940
4947
4962
4966
4969
4981
4987
4994
4996
4997
4998
