3723
4773
123
1080
4718
4709
4580
4711
4372
781
702
3290
3035
1796
2795
4860
3323
261
1212
4310
3324
642
2253
704
1324
2150
4961
651
3673
212
1423
453
2622
1355
4280
3594
1393
1995
2316
2324
609
593
2935
504
4998
1604
2638
3596
716
2152
1531
4435
4574
1557
1970
317
2586
3023
4208
1036
640
1471
1133
288
1927
1350
2857
2104
3872
2917
2351
3831
4013
592
3721
479
3168
3418
4912
658
1828
3263
2804
350
1093
997
4757
2661
2326
445
3968
572
886
4226
3923
1932
3927
4591
1759
738
2751
3103
1027
1523
2341
4942
4692
2850
1974
1891
4062
3173
4139
2352
588
4621
2063
565
2224
3608
2086
3424
3182
3880
4994
3468
2112
2972
1725
2466
2118
187
3456
4468
1825
2871
1892
4890
1664
3679
3410
3086
3933
3019
3565
1394
3658
3302
1348
2012
4197
3357
4769
3567
1200
345
2733
4945
947
4575
82
4475
3803
4003
1062
3918
4369
2448
2659
547
1514
923
4233
3730
1072
96
3016
2483
3568
226
2629
1869
1090
2889
1858
2319
3416
2687
3603
4183
1291
1567
4589
3457
3580
2180
3545
3338
1719
4932
3717
2387
2570
2430
2907
4367
3303
4747
1920
1349
4581
4832
1175
3887
1706
3376
160
2203
1853
1286
1152
4054
3252
1016
4162
2092
2635
4201
2523
71
4407
2674
3881
1964
3724
424
4178
817
2358
1910
3838
1126
2289
2545
384
655
4034
2359
650
2945
519
4532
3533
335
1536
757
4955
4138
2490
1941
2318
1201
2613
179
1929
2976
364
1608
2827
1068
4288
4782
2389
3163
2655
496
3795
1834
252
1318
2776
2065
1597
4753
2534
3109
2715
3687
2100
287
1138
3920
4292
1183
3349
2644
2245
4536
3871
313
2322
2778
2071
2652
4607
3691
761
3044
1287
1713
4922
4643
1142
237
2869
435
3530
3868
3172
4125
1544
2038
3834
3994
1925
4551
4039
3332
1168
3022
455
255
755
1881
3141
190
3590
2767
3095
3029
3002
4302
1787
3720
464
334
1698
358
3792
1946
1982
4595
2439
2516
4230
1248
3507
4342
977
4348
1442
78
1507
1457
444
349
551
4629
4778
2088
4254
1863
4323
2388
3636
1840
4656
4631
1981
1545
4211
2205
4759
1988
2749
3291
4989
4895
2078
4684
2223
412
2791
880
4647
4997
473
2926
1439
3607
4698
89
3606
2031
265
3823
1373
4965
4160
4722
4016
1690
2459
670
2029
2218
1628
312
2877
587
2228
3657
628
1385
3254
4091
1499
4371
3049
2672
1578
1829
3047
1913
3690
4710
2013
3526
3917
619
2522
3649
4638
311
79
371
1792
1236
4131
3972
4252
2905
3515
405
4878
238
4081
2621
2729
3662
2257
4996
4701
4094
841
885
555
1928
1636
4379
2679
4933
1425
50
3788
57
1042
1822
2730
3844
3986
33
3062
2174
156
4243
397
2009
3932
3149
2576
1641
1530
4055
3661
2392
4917
1235
2899
3061
1620
1261
2754
4957
4943
3997
4404
2510
2756
197
112
351
3557
1320
1871
3052
1817
1583
6
2680
2883
258
1824
4870
4596
3635
4314
4919
3922
2183
1680
3676
3060
1723
159
927
219
365
3735
3996
3186
4065
3965
1602
606
2373
3346
1008
695
614
4122
1867
4837
3944
4625
4173
823
1521
26
1908
3481
2499
3144
1752
4001
330
1689
3808
2162
2385
276
1362
3181
775
2315
2796
3408
137
326
4113
3638
2626
869
3278
1992
4053
1555
777
285
3106
1819
3901
1642
3775
780
1111
3328
3962
2771
3193
196
4706
3848
858
3372
2417
354
4745
2978
139
360
678
591
2303
4368
4547
3654
4862
3903
3764
2968
2988
958
3597
2127
2874
4072
893
1488
1909
4043
3036
150
3436
4479
904
1985
4537
2973
4202
4700
2153
2651
662
971
2479
2932
1351
1888
2779
2094
3995
3275
1994
3334
4826
3335
684
3742
4067
1040
2489
489
166
3081
3813
840
4962
2497
4898
2505
1078
1569
1709
1245
4723
1717
1665
3756
1879
4539
19
3330
641
2831
3864
4439
1273
713
3473
4699
589
3852
1745
143
1741
2528
3853
4217
2500
1060
1735
575
3015
2412
1049
4269
4831
4145
2938
3128
3171
417
4285
967
3032
2569
3115
4526
4505
189
2735
4090
1436
1998
4969
852
4143
2561
249
2867
4440
1070
3822
4006
2922
1188
3857
4241
697
3004
3719
2610
4334
303
4417
3075
4453
935
4393
251
2688
1104
1118
273
981
2087
3308
4408
1651
4579
1956
3896
3082
3250
1677
121
1732
4838
607
432
566
2437
1360
3830
3427
1605
4266
4418
2974
1433
3715
3744
2737
4649
4567
4172
3681
2634
100
682
101
222
1256
2801
2880
779
1612
4726
4451
1336
1330
2579
501
558
2849
4803
2615
2584
630
792
4038
3102
4811
1898
3063
3148
4370
3136
4002
3088
571
1960
2603
4480
634
4653
1551
617
525
1969
542
154
1390
4463
2714
4583
4987
4209
3459
649
201
4507
1193
822
3461
3261
4414
4311
1262
903
3762
690
4844
3591
2267
4786
369
750
1615
1069
3100
1005
2080
4792
1203
693
3800
3198
471
2187
3951
4037
1244
1727
1493
4052
2780
1001
3343
3860
4132
4738
321
2016
959
2286
4461
673
1381
2304
3486
1334
4325
626
2604
895
3966
3280
4758
603
3847
4286
84
4198
1249
3213
1548
4729
115
2073
4617
2548
3442
1517
4000
4199
4884
3909
1114
1870
4279
4336
952
4798
3709
2691
657
1893
2526
1025
3553
1031
613
4194
2866
4736
3157
4938
4825
2658
3311
2757
162
386
4096
2283
3812
785
3464
383
524
426
4469
4179
3229
4705
742
263
4221
2034
1022
3369
4124
418
2814
3727
3984
3752
3041
2555
3192
4724
3942
1510
3122
4210
843
352
1868
232
3294
3506
2787
4218
1601
463
774
357
1110
862
1359
2193
4776
2902
3617
3885
2937
1516
484
