2
6
19
26
33
50
57
61
65
71
73
76
82
89
96
97
98
101
108
112
116
121
125
134
136
137
139
143
144
150
156
160
163
166
179
184
187
189
190
199
200
201
204
219
226
232
238
239
246
247
249
251
252
255
259
263
265
273
279
287
303
312
313
315
325
326
329
333
334
338
345
352
354
358
364
365
369
371
373
378
383
384
386
397
412
417
421
424
426
432
435
442
444
447
449
455
456
460
463
464
473
477
479
484
485
490
492
495
496
504
515
524
527
528
542
547
551
555
558
560
565
566
571
572
575
579
587
589
590
591
592
597
603
606
607
613
614
615
616
617
619
622
626
628
630
633
640
646
649
650
651
657
668
670
677
678
682
684
685
695
697
705
722
732
742
750
755
757
774
778
779
781
785
792
809
811
817
822
823
826
827
829
848
852
862
869
880
885
887
889
895
901
904
906
922
927
930
935
938
956
958
959
961
971
977
978
981
994
997
1001
1005
1013
1017
1022
1023
1029
1031
1038
1042
1054
1060
1068
1070
1071
1075
1080
1087
1097
1098
1104
1110
1111
1114
1116
1118
1126
1133
1136
1138
1139
1144
1146
1151
1152
1156
1164
1168
1180
1181
1183
1191
1193
1203
1206
1208
1214
1215
1225
1233
1241
1244
1245
1248
1249
1253
1256
1257
1272
1280
1285
1286
1287
1292
1305
1309
1313
1325
1330
1334
1336
1344
1351
1359
1360
1362
1370
1374
1377
1381
1385
1390
1393
1394
1397
1400
1416
1423
1429
1433
1439
1442
1446
1447
1451
1453
1457
1458
1463
1488
1493
1499
1510
1514
1516
1517
1521
1522
1523
1530
1531
1540
1545
1548
1551
1555
1557
1558
1560
1565
1567
1569
1581
1583
1597
1599
1600
1605
1606
1608
1612
1626
1628
1635
1636
1641
1642
1648
1664
1665
1674
1680
1682
1685
1686
1689
1690
1697
1698
1706
1707
1709
1711
1713
1717
1723
1725
1735
1741
1745
1750
1752
1753
1755
1761
1775
1777
1782
1787
1788
1817
1819
1822
1824
1834
1840
1845
1849
1853
1859
1860
1868
1870
1871
1872
1879
1888
1891
1892
1893
1895
1898
1908
1909
1913
1927
1929
1941
1943
1946
1956
1960
1964
1966
1970
1971
1985
1987
1988
1992
1994
1998
2005
2010
2012
2028
2029
2036
2049
2050
2058
2073
2080
2082
2086
2092
2094
2121
2135
2150
2157
2171
2172
2174
2187
2191
2193
2203
2205
2206
2207
2213
2215
2218
2223
2228
2232
2235
2237
2245
2249
2251
2254
2257
2261
2267
2275
2286
2296
2297
2303
2304
2310
2315
2316
2320
2322
2352
2358
2359
2373
2386
2388
2392
2411
2412
2417
2430
2436
2437
2439
2446
2479
2484
2489
2490
2493
2499
2506
2510
2516
2520
2521
2523
2528
2534
2538
2540
2545
2548
2552
2555
2561
2569
2570
2576
2584
2588
2589
2592
2601
2603
2610
2613
2615
2621
2634
2642
2643
2652
2653
2655
2658
2659
2665
2668
2672
2679
2680
2687
2688
2691
2704
2714
2715
2726
2732
2733
2736
2748
2749
2751
2754
2756
2757
2761
2767
2771
2778
2779
2780
2782
2787
2788
2796
2801
2810
2814
2827
2839
2840
2849
2850
2857
2866
2867
2874
2880
2883
2896
2899
2902
2907
2918
2922
2923
2926
2932
2935
2937
2938
2945
2970
2973
2974
2976
2978
2979
2988
3002
3004
3006
3015
3017
3019
3022
3023
3029
3036
3039
3041
3044
3047
3052
3054
3061
3062
3065
3069
3072
3081
3082
3086
3088
3101
3102
3104
3106
3109
3115
3121
3122
3123
3125
3128
3136
3141
3144
3148
3157
3165
3168
3171
3172
3173
3175
3176
3181
3192
3193
3198
3208
3213
3226
3229
3242
3250
3254
3261
3263
3278
3280
3303
3305
3311
3321
3330
3334
3335
3338
3343
3376
3380
3382
3392
3413
3425
3436
3448
3459
3461
3464
3468
3481
3486
3507
3510
3515
3517
3524
3526
3531
3533
3535
3537
3539
3542
3545
3552
3553
3555
3557
3567
3572
3580
3591
3594
3597
3598
3607
3609
3617
3624
3626
3634
3635
3636
3638
3653
3657
3658
3662
3665
3667
3681
3687
3688
3691
3699
3703
3714
3715
3717
3719
3720
3721
3724
3730
3732
3735
3738
3752
3756
3764
3765
3775
3778
3780
3788
3800
3803
3808
3812
3813
3819
3823
3824
3827
3829
3831
3837
3842
3844
3846
3852
3853
3857
3859
3860
3864
3868
3871
3880
3881
3885
3887
3895
3896
3901
3909
3910
3917
3918
3920
3922
3933
3942
3944
3948
3949
3962
3965
3966
3967
3968
3972
3977
3981
3984
3986
3995
3996
3997
3998
4000
4002
4006
4013
4016
4029
4037
4038
4043
4052
4053
4054
4055
4057
4058
4065
4072
4076
4094
4095
4096
4116
4122
4124
4132
4138
4139
4158
4160
4165
4172
4178
4179
4181
4182
4183
4194
4198
4199
4202
4203
4209
4210
4211
4217
4218
4221
4230
4231
4233
4235
4241
4243
4245
4252
4253
4254
4261
4266
4269
4277
4279
4285
4286
4287
4292
4312
4314
4323
4325
4332
4339
4343
4354
4359
4367
4372
4377
4378
4379
4381
4385
4393
4405
4408
4410
4414
4417
4418
4427
4435
4439
4451
4453
4461
4464
4466
4469
4472
4479
4480
4491
4496
4502
4504
4505
4507
4526
4532
4535
4536
4551
4567
4570
4572
4574
4579
4581
4583
4596
4600
4602
4603
4607
4617
4621
4622
4625
4627
4629
4644
4647
4653
4656
4658
4661
4684
4687
4691
4693
4699
4700
4705
4706
4709
4710
4711
4716
4724
4726
4729
4732
4738
4745
4757
4759
4769
4772
4776
4782
4783
4786
4803
4825
4838
4847
4856
4864
4868
4871
4878
4884
4890
4895
4899
4900
4907
4912
4913
4917
4919
4922
4926
4936
4940
4942
4947
4957
4961
4966
4973
4974
4979
4989
4994
4996
4998
