2189
4160
1723
2275
12
2814
116
1439
1642
3715
4269
4131
1806
2922
1019
1745
1093
2576
4895
3343
3680
2187
3410
3762
566
525
524
1637
2782
2153
3667
732
4965
1463
1442
1792
4501
2206
3372
1353
4009
724
591
2
1350
2869
3838
3427
4288
2490
4286
4052
4879
2902
4981
1834
3859
3719
2701
2466
3709
4261
1325
3868
2969
2974
3968
217
900
357
19
4864
2134
780
1303
1144
781
2613
4558
885
4221
3883
2392
4745
722
4627
3041
4439
3242
1215
477
684
4198
869
1892
373
374
4831
558
4003
1548
3075
1898
1429
2076
1863
2674
3186
634
3181
100
4726
4404
3175
2594
4936
3173
655
1517
660
4600
3937
4461
2295
4706
823
1828
670
822
1287
4122
4943
2300
3933
4603
3149
3148
1205
2289
4973
4946
1203
1201
658
1669
3486
1457
840
201
3171
143
3924
4709
2321
3922
1860
4835
3515
3113
4115
3519
1292
1516
4589
4994
4617
3459
3102
3190
3095
482
1615
1510
1677
206
2326
4737
1680
2075
3951
4622
3082
4183
4581
4580
4969
377
3553
418
3213
2651
4625
4451
4194
1499
1652
4197
4698
626
3049
424
2603
426
3039
369
3248
26
1078
3560
3887
4211
2387
3032
3886
3442
3961
3996
4218
1158
3962
690
3882
4564
3881
3020
3019
1433
2417
3261
2127
4076
3880
890
4862
1069
3004
2996
4072
2257
432
617
501
1309
3275
6
3871
352
2036
475
2658
1136
2249
3280
472
1330
1796
3865
3737
3864
4537
2245
613
1567
2237
3597
3603
2932
4917
4059
1062
2475
3860
2479
471
2230
927
2906
1871
4279
929
4966
2483
2893
4053
1711
695
4649
2223
3847
937
1998
3735
603
4522
764
33
3302
2867
4776
2493
4417
3635
224
4871
325
763
2499
3305
1351
1717
1114
4312
4907
2218
697
589
977
978
79
2516
4658
3824
761
1787
704
265
1054
4786
755
2801
4496
2665
2539
4900
519
3665
2540
2788
4339
1244
1571
2785
4792
311
750
2779
3986
3674
4489
2191
3334
1005
112
162
303
1732
1251
3681
1932
4684
4479
2748
1013
1881
2569
4016
2733
578
4369
4370
4371
576
3720
1257
4803
1021
3357
1880
2174
2722
461
4382
3795
2579
551
1087
4467
1025
287
4962
1031
1037
3376
285
1252
3792
2688
2687
4000
276
1758
4402
3380
3386
1565
2679
4407
2373
1545
4463
2592
1449
1104
2787
3662
2526
4987
1600
1134
614
4208
2058
1507
4723
657
3944
803
3454
3229
3966
555
429
773
1241
3349
4013
3392
4844
4217
1713
4440
2626
2634
2635
2615
1071
2638
1451
258
2640
61
2610
4453
2644
4884
252
273
2652
4418
2668
50
2680
1041
1040
2691
2693
2711
2584
2714
2715
4381
4378
4377
1090
2729
246
2737
1017
2749
2756
2563
2561
1097
2555
2757
1447
2545
1727
1001
4898
994
2795
1775
2528
44
2796
2810
4903
4324
4323
982
4502
2520
1725
4505
2831
4507
1111
2510
4311
232
2506
2840
959
958
326
1793
1117
1118
952
2866
2874
4913
2889
2899
4526
2913
922
1709
222
1706
345
347
2462
2459
2937
2944
906
2960
219
2964
4542
2450
4253
2446
2970
2973
2976
903
4241
2438
895
1139
358
3010
4231
4557
4230
3015
3016
2412
3022
1156
3023
1157
4222
1497
1159
2399
3028
3034
2385
4202
3047
4922
4926
1188
2336
3074
1689
3081
4181
858
1819
3086
3088
1674
383
1514
3125
4938
841
2316
3136
4143
4596
1820
2303
4142
4139
4138
4856
4135
1822
4133
1521
3157
198
826
1665
3165
4124
405
1664
193
2284
3176
2283
412
809
4621
3198
1530
1214
3216
1651
3243
785
3264
2266
1216
779
184
4634
2261
777
4067
775
4065
1648
3281
1644
2235
4644
440
4055
4647
4051
3294
765
4043
2217
4653
78
3311
4957
1540
4037
2205
2202
757
3321
4663
166
3324
2193
1636
3335
456
1248
1249
1544
737
3369
4001
2172
3998
1253
3994
2166
713
1626
2162
3408
1262
150
3984
705
3435
2150
4837
473
3967
3965
3438
144
1282
682
484
3942
1284
2112
3464
1285
4705
1612
3466
668
3923
3495
4711
3506
139
1611
3917
4716
2092
642
137
3910
1390
2086
640
4724
3526
3531
492
4728
3533
3903
3539
2080
2078
3542
134
4736
630
4738
3552
3895
2071
1606
1605
1602
622
619
4747
1601
2049
3580
2046
2039
504
3584
2034
3590
4757
4758
2031
1868
3591
1870
3858
2013
3607
3852
3608
3609
607
3848
121
4982
3844
3842
3628
597
3831
4778
4826
1981
3830
3638
4783
590
1966
3654
3822
1557
115
3658
1359
3813
3812
1360
3676
1941
3803
4798
1879
1929
3690
3800
575
3695
1909
89
1373
1560
1893
101
3788
4997
3752
4820
3775
96
3765
1381
97
1891
1908
1910
1931
1385
4825
1982
1990
125
2016
2028
2073
1867
4729
2088
1289
4700
4691
4838
84
2152
1393
1264
154
1256
1245
2207
4847
1840
2215
2234
1832
2246
196
2297
199
4602
2304
1193
4583
1191
1152
1142
1798
2437
216
2439
4539
1126
2489
2497
2498
2522
2523
237
2534
2548
2570
4472
249
4448
1066
2642
1060
2648
2659
1042
1761
4408
280
1022
1752
4372
2735
2754
2761
1008
2776
2778
312
4334
4332
988
4325
981
321
1488
967
2839
4302
2871
2877
2883
4287
4285
4271
1707
2926
4266
3006
4219
3035
4199
4923
3060
3061
3062
3063
862
4179
4178
3090
4173
4172
3106
852
3122
386
3129
843
3135
4145
829
4132
3156
824
3168
3172
3203
792
4090
4081
778
435
774
4054
447
4039
4038
3328
3330
3338
4006
3995
463
3413
693
3433
1620
3457
3949
3461
673
3481
3918
3896
3555
3557
3558
616
615
3606
606
3617
1551
3626
1555
3634
3657
3815
4
3687
572
3727
542
1569
4996
560
3756
3764
4385
