4753
124
3769
1183
4687
986
731
3433
3723
2524
4083
2091
811
236
2112
3981
4090
938
4965
3838
3006
3382
4759
404
3881
961
1471
4430
4053
338
1753
4487
2896
1158
2727
2552
4842
154
1867
2749
1368
3034
4919
3833
3197
360
3508
3238
1910
3522
777
4177
4126
224
4715
4641
7
4711
3069
3332
4332
840
1733
1962
2978
877
4104
4006
2681
4518
3065
3102
4162
575
2638
1544
3351
3903
4603
4970
1068
982
1578
2190
628
4638
1383
1925
3737
3181
3591
638
1129
2028
173
2421
3101
136
445
190
4525
737
2148
4230
2653
1976
4463
4468
761
852
3046
4966
1241
3017
3047
927
3563
4705
952
4723
4135
3785
4427
2324
1157
1665
4496
1360
4644
3803
4575
4464
4933
1849
4068
4201
2708
1036
330
705
3292
2973
4643
2463
2600
3635
3777
1453
3303
819
1755
1351
2763
226
4955
3823
259
579
3413
1152
4718
1253
4820
4256
4372
3875
4415
506
3738
653
2719
3834
4853
4927
4537
2732
2726
4751
3813
1200
276
2289
2143
592
1216
4067
2460
1180
1829
2029
3338
1330
3695
375
3975
944
1305
1937
2589
1825
2545
1167
1845
2996
247
2232
677
4287
3554
1289
2685
4668
947
2850
156
1062
1349
2937
1416
1195
2295
4091
4684
1599
112
3986
442
2540
3294
1236
1334
3166
1517
3144
2183
764
1987
1093
1558
4973
4932
1769
3961
3255
4726
1280
891
163
3524
432
4680
3416
3844
3457
2626
1436
1225
3168
4900
4803
2224
496
1449
4435
3541
4076
1235
1840
2943
626
1070
476
697
704
1205
1536
4790
3923
2437
4182
2372
1788
2315
4533
67
4864
886
1521
204
237
2049
4544
1927
4772
634
4670
312
2358
335
2300
1264
33
4722
4285
189
329
487
4115
2791
3109
2135
4698
1191
2792
435
1745
4826
4776
2100
477
2918
1393
3676
3261
1275
2771
3896
3992
3720
3557
1425
1964
1069
3357
3628
183
2389
3691
4131
455
4947
246
2203
2303
2322
1497
685
4911
3355
4492
742
4418
3346
4732
2831
1628
2006
3997
2804
4648
2171
175
616
4252
3537
378
1893
2430
2964
929
2642
66
160
2087
542
931
4261
2121
4029
344
1126
4178
3049
311
3380
471
1025
2237
351
150
2796
2075
3567
79
444
2705
1078
19
682
2655
1608
2668
738
4288
2013
1261
3765
3095
3468
4701
4132
1019
3880
4078
1711
713
3742
1974
2730
1075
3376
4369
2810
3735
4661
464
2640
4974
3968
2594
3448
2153
4602
684
3435
3594
3775
4899
1008
315
1138
4501
2491
3909
3966
4755
668
4237
1442
2505
2922
1706
3598
4404
325
1522
4116
3626
4370
1344
2520
279
978
2715
2767
4368
489
3148
3830
3901
1931
2522
1988
255
4627
1870
2088
994
4039
1941
3932
913
250
3198
4209
4507
4943
3436
2651
134
4783
2883
3539
4738
1567
1859
61
1238
4736
2889
2665
504
2871
1985
2193
1946
3732
1557
2701
4113
1881
222
258
4710
3163
184
3661
3141
447
2748
1251
1601
1932
3606
693
1761
906
757
3724
2092
4013
606
2788
1531
2652
1828
285
1071
1943
1215
97
115
1087
4862
934
1098
2988
1257
3949
1390
2926
2162
3727
3173
2736
2058
424
4825
2166
2417
3824
3837
4551
1244
449
3795
4339
3744
4596
1499
4194
4183
1792
1362
3917
4547
3473
901
2979
4354
4334
3667
1782
3305
199
4962
2688
2735
4472
4884
2795
2877
2127
1447
4377
3526
71
3372
1824
1017
2968
1686
2086
108
3072
3004
519
3800
829
3636
2932
3819
4343
1104
3157
619
2009
4572
2448
4359
1600
3965
2516
1446
352
4440
125
3302
1565
4706
904
3160
641
3542
555
3848
3476
2050
1750
1144
732
3580
196
1142
2215
670
4197
3427
3281
1373
2687
4451
4539
3032
3808
1994
1005
4502
144
1507
2031
2016
2082
1969
1286
3624
3036
3248
3933
778
2207
1928
84
4179
4095
1359
988
4996
3193
1309
3918
4526
1013
4094
3044
2555
1156
2869
2880
4378
3994
2840
3597
1732
239
560
2849
4649
4211
2172
3041
2691
1060
2601
4480
823
4096
1998
200
2534
1909
640
2385
4583
4081
412
417
456
4757
3852
3572
1451
4536
2010
3063
3213
3052
3275
3242
1262
3590
2373
1648
4145
1626
4898
3967
4847
1139
89
1001
4907
1118
826
2283
1982
3871
4926
4831
3977
4054
3910
4016
4871
572
4043
1966
1707
1717
525
1981
2737
551
922
843
1651
615
3308
3186
321
3086
3822
858
597
1040
903
3517
3039
3176
2218
1817
383
463
4716
4000
1674
1203
2867
1806
421
4231
1381
3609
673
3812
2297
252
775
1214
4913
4844
2974
4221
4172
3280
4567
2659
1272
1054
614
1560
1336
369
862
3408
501
4987
4311
2801
2733
1458
3062
1863
4122
4798
3998
3762
4699
2187
1725
2257
4895
3752
649
958
4052
2034
774
2780
3459
3984
3535
3555
287
251
4729
2902
1188
959
96
1292
630
373
4579
1136
2923
2493
1727
3023
1400
4658
2604
4792
2634
3081
4878
1514
2814
3082
2603
3942
591
4724
3617
2757
1540
4381
4969
3075
2680
4837
566
603
2412
426
3136
4838
1680
3553
1605
3192
1385
1956
2205
3857
2036
4758
1031
558
4581
1285
2866
4393
2506
3552
3464
1612
2704
143
2610
2150
3506
3229
386
357
4385
755
2526
4218
4124
4940
4241
1960
2899
1429
4653
1439
3962
587
3165
1868
1642
2261
4269
2584
781
219
4279
3860
3715
4622
2787
484
3864
4371
2080
1111
4312
232
690
4202
622
1516
589
1097
2275
2500
3115
3100
571
524
2174
3321
785
2592
2714
1615
4998
4786
1860
201
1872
116
3709
1583
3847
3369
2938
3019
418
263
1548
1114
1510
2206
4439
617
100
750
4336
2643
4210
3343
3885
3250
4198
2320
1110
2286
4002
