2
4
6
12
19
33
39
44
57
61
65
66
71
78
84
85
89
90
97
101
108
111
112
121
123
125
130
134
136
143
144
150
154
156
160
166
179
183
189
193
196
197
199
201
211
219
225
232
237
238
239
246
250
255
265
273
276
287
288
303
307
311
312
321
325
326
327
333
338
345
347
348
350
352
353
354
357
358
363
365
368
369
370
375
383
386
397
404
412
417
423
426
428
429
435
440
449
456
463
469
471
477
482
484
486
487
489
490
492
501
504
506
524
525
527
544
547
555
558
560
572
587
590
591
592
597
607
614
616
617
628
630
632
641
649
658
668
670
673
678
684
693
695
697
704
705
713
721
732
737
738
742
752
755
757
764
769
772
773
775
777
778
779
780
781
785
792
794
812
822
824
826
828
829
840
841
843
849
858
862
869
878
885
893
895
902
903
904
906
907
922
923
937
944
947
952
953
958
959
967
968
981
982
988
1001
1008
1010
1019
1022
1023
1031
1037
1042
1049
1050
1054
1060
1070
1071
1075
1090
1095
1097
1100
1104
1106
1111
1114
1118
1126
1138
1139
1142
1150
1152
1155
1159
1160
1174
1180
1183
1190
1191
1193
1195
1200
1203
1209
1214
1215
1216
1225
1235
1236
1238
1241
1243
1244
1249
1253
1256
1257
1262
1273
1282
1285
1286
1287
1295
1300
1301
1303
1309
1310
1312
1313
1315
1325
1330
1336
1348
1353
1359
1360
1379
1381
1382
1385
1390
1393
1414
1425
1429
1431
1435
1436
1439
1442
1446
1449
1451
1455
1458
1460
1463
1485
1488
1490
1499
1507
1510
1512
1514
1515
1516
1517
1521
1548
1551
1557
1558
1560
1569
1571
1576
1578
1583
1584
1585
1600
1601
1602
1605
1608
1612
1626
1636
1642
1644
1645
1664
1665
1669
1674
1679
1680
1689
1707
1713
1717
1724
1727
1732
1744
1745
1746
1750
1752
1761
1775
1783
1793
1796
1798
1806
1817
1820
1822
1829
1834
1837
1840
1853
1858
1866
1868
1870
1871
1872
1879
1891
1893
1906
1909
1910
1925
1927
1929
1931
1941
1956
1962
1966
1969
1970
1974
1981
1982
1983
1985
1988
1994
1998
1999
2010
2013
2016
2028
2031
2034
2038
2039
2046
2049
2050
2058
2073
2080
2082
2086
2087
2088
2092
2103
2110
2112
2135
2143
2150
2162
2165
2166
2167
2168
2187
2191
2193
2202
2203
2205
2207
2210
2211
2217
2232
2235
2237
2249
2257
2261
2267
2272
2284
2286
2297
2303
2306
2315
2316
2319
2320
2324
2330
2342
2356
2363
2368
2387
2388
2392
2400
2410
2430
2438
2449
2462
2466
2473
2475
2479
2483
2484
2487
2489
2490
2493
2498
2505
2506
2510
2521
2522
2524
2526
2528
2534
2540
2541
2545
2548
2555
2561
2562
2569
2570
2576
2579
2584
2586
2588
2589
2592
2602
2603
2604
2608
2613
2626
2634
2640
2644
2648
2651
2652
2657
2658
2659
2665
2668
2679
2684
2687
2688
2690
2691
2693
2714
2715
2719
2726
2729
2730
2731
2733
2744
2749
2754
2756
2757
2762
2767
2778
2779
2780
2785
2787
2788
2795
2796
2801
2805
2810
2814
2831
2836
2840
2849
2857
2866
2870
2875
2880
2881
2883
2897
2902
2907
2922
2923
2933
2937
2938
2939
2960
2965
2969
2973
2977
2978
2979
2982
2993
2996
3006
3010
3015
3019
3021
3026
3028
3029
3034
3039
3041
3049
3052
3060
3061
3063
3064
3066
3082
3086
3087
3088
3090
3095
3100
3109
3113
3122
3125
3129
3135
3144
3148
3157
3165
3168
3170
3171
3172
3173
3175
3176
3181
3201
3202
3208
3213
3216
3224
3227
3229
3230
3235
3237
3238
3248
3250
3258
3261
3262
3264
3270
3275
3278
3280
3281
3294
3305
3311
3321
3328
3330
3332
3334
3335
3342
3343
3346
3357
3362
3367
3369
3372
3376
3380
3386
3392
3394
3404
3408
3410
3413
3423
3424
3427
3436
3439
3442
3454
3457
3464
3469
3473
3476
3481
3486
3495
3498
3502
3506
3513
3526
3531
3537
3538
3547
3552
3553
3555
3558
3590
3591
3597
3603
3606
3608
3609
3617
3626
3631
3633
3634
3635
3636
3638
3640
3646
3653
3654
3664
3676
3681
3684
3687
3688
3690
3695
3712
3715
3720
3721
3723
3724
3727
3730
3735
3744
3751
3752
3756
3758
3774
3775
3778
3785
3788
3800
3803
3808
3815
3819
3822
3824
3825
3830
3831
3838
3842
3844
3847
3849
3852
3859
3860
3865
3866
3868
3871
3881
3885
3895
3896
3922
3923
3928
3933
3942
3949
3965
3966
3981
3984
3986
3991
3994
3997
4000
4002
4004
4006
4010
4013
4016
4021
4035
4037
4043
4048
4052
4054
4063
4065
4076
4078
4090
4091
4094
4096
4111
4113
4115
4124
4131
4132
4133
4135
4138
4139
4142
4143
4145
4162
4165
4172
4173
4175
4179
4182
4183
4194
4202
4208
4209
4210
4211
4218
4219
4230
4231
4237
4253
4266
4271
4277
4285
4296
4311
4312
4323
4325
4332
4333
4334
4336
4339
4343
4348
4361
4363
4368
4372
4378
4379
4381
4385
4402
4404
4408
4430
4435
4439
4440
4451
4461
4463
4469
4478
4479
4496
4501
4502
4504
4507
4520
4522
4523
4526
4532
4537
4539
4542
4544
4551
4567
4570
4572
4578
4579
4581
4583
4591
4596
4600
4602
4603
4622
4628
4629
4631
4634
4638
4648
4653
4656
4658
4663
4687
4698
4705
4706
4710
4711
4712
4714
4716
4718
4722
4723
4724
4728
4729
4730
4736
4738
4745
4755
4757
4758
4772
4776
4778
4783
4786
4792
4798
4803
4825
4826
4829
4831
4837
4838
4847
4856
4857
4862
4879
4884
4887
4890
4895
4898
4900
4907
4913
4919
4922
4926
4938
4940
4943
4945
4947
4955
4957
4962
4965
4966
4973
4974
4979
4981
4987
4989
4994
4997
4999
