368
3658
2642
1008
3853
4280
1690
1325
3684
4354
3002
1788
1069
633
1071
3141
429
2223
3676
3848
2076
4711
4625
1735
2410
3328
2304
4160
3166
3638
3624
4261
3507
3121
2050
2491
2877
3160
2483
4253
1237
1235
2875
72
2933
4323
66
2058
2392
2180
3917
2213
428
285
1522
4287
4900
3193
4860
518
2674
4574
1485
1339
1994
3824
358
489
3554
1078
4132
3792
2549
1156
1555
4055
2640
3852
1098
1167
3697
3831
3346
1463
4095
3106
1238
4143
4453
2191
3447
1425
4408
1932
3869
1891
4348
4235
1941
606
3355
1898
4233
1964
89
4113
1447
3688
2528
1070
519
3335
1049
1144
447
3302
4190
1608
3744
2094
713
1256
3567
607
3015
2723
704
3170
4475
3909
2548
2736
3435
2744
4478
778
3949
3635
3667
3311
1362
3281
1215
572
4644
1750
354
166
2840
1023
3413
780
738
777
4178
1648
3714
82
4254
3903
1100
2131
3357
1348
258
3171
4648
4492
3596
3261
2778
1565
1523
3598
4936
312
651
1787
4013
4661
2579
792
628
2963
3144
2171
237
4862
2771
1966
1062
200
2831
3457
1017
2315
1677
3922
1517
1157
442
2516
2232
1909
4072
144
1390
3303
1752
880
3061
3918
423
1286
78
4917
619
115
2082
4723
493
1315
1344
3531
246
4059
3687
525
1859
3442
3104
670
313
3593
2473
1528
1312
582
3436
4094
4572
4468
1190
4649
4856
646
2
2313
4532
4774
2092
4536
570
1490
4179
2687
663
3248
1094
1394
1819
4038
4942
222
2356
872
412
2735
4090
1782
1442
3526
3502
2387
134
3808
4502
33
1707
2385
3594
1674
632
3901
2849
4981
869
1019
2373
1280
4583
922
1998
417
4031
2880
1834
471
4957
542
249
3968
2915
3542
2918
1142
4266
1685
159
4043
1355
1888
3270
2601
4656
3148
4501
125
4145
2883
3242
1193
4537
2993
3837
2729
4372
4410
288
3427
1174
2372
1200
2245
1253
4938
3626
460
560
2400
1214
1060
2968
4277
97
360
4292
1431
4479
2731
4172
3819
3039
3213
2013
2756
3735
3966
695
3036
1046
4377
445
1969
2073
4472
843
3739
4451
650
4342
1304
3606
1724
2796
85
1249
1531
3774
981
3871
4418
826
3572
1943
2881
959
3168
4627
61
779
1962
4231
1118
909
1985
1982
1155
2691
2352
1436
4115
1449
4803
3590
2086
4378
4647
4138
3533
2521
2545
852
4943
121
4847
2296
71
2570
4997
4567
2388
1928
1867
693
626
3896
1309
2780
302
3751
994
3086
2737
2218
3557
4631
432
4063
2016
3994
4871
2795
662
4016
4922
3176
4463
597
183
4334
2060
2672
4811
1499
544
4691
1040
239
2741
615
1686
1755
197
4962
76
3597
575
4979
162
3984
1357
1723
1992
1551
4370
273
668
971
2589
3006
4466
2448
2850
840
196
3636
3372
3062
2497
6
1433
1336
4887
988
775
4603
1139
4052
3517
2240
2976
3021
84
823
2267
2629
1455
4285
3951
456
1095
2029
3469
3830
4864
3713
3380
2235
1273
3555
1203
4010
2228
551
1206
3157
2613
1806
3998
2289
4469
4923
2207
1987
3305
2634
1025
19
1188
1564
2010
463
2754
2510
4523
1665
4209
250
1453
3932
3088
4417
2960
4769
4926
1393
4199
4004
365
667
1626
955
3330
881
3294
673
614
4217
2493
3591
1262
4729
2430
3052
444
154
4078
4716
4539
321
199
4844
2297
490
3933
4884
977
4658
641
1330
2257
3041
1261
2788
3464
958
1931
1022
160
4987
1005
684
1013
2615
4825
4194
112
1360
4996
3617
1514
4581
591
3609
3060
3477
1163
3844
2886
3032
4461
326
1381
4504
101
1706
3730
2087
3732
4124
1745
4831
1725
184
1981
2760
1871
4966
4314
4414
1400
2316
3181
4994
2767
3972
4286
634
2489
338
2034
2639
4054
858
906
1373
2655
630
3895
2926
3986
1560
1727
4368
1817
4838
265
4709
4579
303
4712
1689
4898
4505
501
4037
219
4076
3308
2153
1761
1104
566
252
143
4736
421
1001
3930
2009
1612
649
558
3967
4325
2659
1334
4913
2733
3977
1496
4724
2988
2866
895
952
4381
2869
4507
1792
2187
1031
4081
139
2680
3513
4792
1927
150
4385
2658
1377
2604
3408
1732
1636
2150
1275
3539
4311
3476
1285
1507
3506
3486
2490
4776
2522
90
2499
944
678
357
449
903
371
657
4726
927
3173
4617
4798
4758
3083
4343
3275
2555
2937
4907
822
1136
3752
2437
1540
369
862
352
4969
2036
378
1868
4211
1458
1292
4027
3552
1824
2603
1679
4256
1359
983
3082
837
373
484
1351
697
3580
742
4221
3880
1863
1893
3910
3230
829
2748
2412
1272
386
4526
232
3102
4700
4067
65
935
1451
1429
2704
3535
3023
2757
1557
3128
1493
383
682
179
3719
524
4706
4269
4241
3681
3075
2561
2283
4837
690
3857
3962
1960
3122
2610
4230
1385
4197
137
4927
4165
2506
2899
3081
1439
251
1870
785
3182
2526
2651
555
3459
2935
587
2932
640
4096
201
571
426
3762
2584
287
2172
622
3553
3192
2479
504
1054
4757
2215
189
2974
2895
4218
3100
3044
1753
2417
3229
1583
3769
2569
1097
3369
1510
603
3165
3022
4332
3321
774
4371
2205
1114
1845
1548
3186
3019
3727
4940
116
3944
589
1313
3715
3847
2193
3709
3942
4602
263
1605
3280
1615
2922
755
2500
4784
2867
2787
4653
96
2275
4279
4786
4705
781
3198
2714
2902
2174
613
1680
4439
617
1601
3822
4202
3765
3343
1111
4312
4480
3004
2534
2206
418
26
1860
2080
3800
3812
3813
1651
4738
3136
473
4622
3063
4000
100
4336
4210
2801
1956
2261
2592
3115
1642
1717
4878
2874
2643
3885
4393
3864
3334
2938
2923
4895
3860
1872
2814
1516
4122
2286
4699
1110
4053
2320
750
3250
4998
4198
4002
