2902
4096
3250
4002
1745
3181
2814
150
558
2801
4016
4627
3041
3881
1642
2257
2714
2320
2974
4622
1031
3864
2592
4210
1110
1214
617
4312
2643
2603
885
1860
3681
1872
4122
4998
4393
369
4699
1960
273
2938
3977
3880
2748
2555
781
3609
927
4895
4221
4285
4729
2922
4596
1439
4138
742
2787
4439
1956
4940
1330
3343
3411
1680
2672
1139
3198
189
4451
2261
4581
26
3885
3813
3856
524
603
449
4381
263
4926
3715
3334
1360
1834
1097
4786
2076
424
3019
1381
2205
1429
3321
2191
1516
1892
116
3165
4385
4139
1514
232
2297
219
1879
4738
3860
492
4913
1400
792
2036
4198
862
1111
2275
1689
906
352
1054
705
1775
2215
3148
3962
1292
640
1285
4253
4811
4709
622
4658
555
3800
4218
285
3895
1870
1458
809
1567
303
1191
4847
1893
4922
1985
426
2193
3986
287
3638
4504
678
587
2874
1499
589
1325
1217
3028
3088
1548
4716
4202
2796
3386
560
3775
2506
3949
456
4111
435
3173
199
4490
373
4653
3135
3552
1880
3942
2207
2174
3122
3580
590
96
3859
4856
2316
4820
166
358
829
2206
383
4724
1822
4938
3357
2534
4037
2688
3104
935
1717
4339
3531
1600
201
3933
440
1216
3842
3464
2479
412
4269
1530
922
2217
1806
1941
1644
697
3125
3372
3967
765
4783
4053
2493
1114
682
1868
785
1215
2780
2235
4966
2584
1761
3380
2704
1674
4332
2300
1605
3141
121
1927
2450
2665
326
4209
4055
4937
3413
1241
597
1203
1282
3923
1898
338
3061
2715
1510
3526
1309
774
1707
3824
3735
4981
1966
2810
4230
4480
2172
3626
2545
1998
1606
613
1840
3765
2303
4923
2899
4803
143
668
4279
4737
773
4006
2153
3910
3168
184
134
125
239
4526
616
571
649
447
4757
4691
1611
822
752
4472
2659
4502
2028
3662
4621
61
4579
3555
893
2489
1560
4700
2171
1104
3857
4705
1256
2918
2286
357
3324
4731
2979
2937
4558
1871
684
2893
3074
2249
3674
4325
1551
1713
108
4602
3667
477
2237
1569
2923
3634
619
1678
1336
578
4600
3695
959
4000
3537
4567
777
2352
1005
2499
4132
3922
2498
4410
3175
1929
1752
3213
3047
1583
1118
1183
144
2150
1612
193
3696
580
614
2778
4231
2520
4647
1126
3006
803
3815
4718
3090
4378
3965
3052
4603
3654
4013
2466
1244
3852
3438
2336
3687
2947
2719
31
1286
3901
2771
3665
200
2576
4211
473
3311
3192
2691
4095
794
1021
246
4583
657
4323
325
3896
2960
3376
377
4957
3972
4617
4354
354
1913
251
2246
463
6
3743
4879
4900
2883
364
2483
3591
3036
3305
3624
958
44
4792
4979
3997
3831
685
2634
3144
900
3171
2652
3172
4124
1463
1909
4009
1251
1992
1782
3466
4541
1493
444
4722
2010
750
4182
732
4570
1390
2693
2640
4194
97
2510
2889
156
1414
2358
3998
4607
3157
2756
1891
4179
4116
2779
4372
779
3481
4076
1136
4461
3563
4052
2561
764
365
2388
3086
994
1013
755
139
2726
3081
2187
1116
1725
3720
4962
1652
3597
3015
2649
4245
1648
2359
1820
721
2839
4035
3275
2927
4286
4776
3752
3871
4165
4878
1540
4745
136
3816
2866
4287
2234
2857
1446
3010
3507
1257
4048
3257
4219
4684
575
4864
4054
3076
572
1272
4172
1394
848
3113
4029
2218
3865
3844
4838
4408
1253
1990
4974
3617
3193
4173
3032
4343
2183
2092
3106
4261
1449
2797
3684
4947
4572
4065
1796
429
1665
3680
3723
2840
887
3837
2049
4222
112
2310
315
4453
2569
2978
1970
3156
1557
3486
1447
615
650
3917
1832
1946
3330
89
2031
2548
3635
847
4501
4629
3208
66
482
2523
1602
371
1303
1238
2880
2267
19
504
4496
3553
2785
3603
2178
1146
1305
4203
2029
2867
3533
190
3709
2528
3803
3951
2788
2932
3858
4181
1017
2067
3039
1906
2540
4725
1287
1022
1620
551
4919
378
527
1853
1451
1931
3968
3879
1382
4663
252
2112
1777
2749
4435
2490
3646
4625
198
4946
3362
3812
2439
3584
2973
4043
2080
2736
2733
3598
1999
2326
484
1225
824
3594
1351
4871
1697
566
417
2969
4884
2373
3547
823
386
2679
4726
3732
695
4252
1098
33
2907
630
1151
2430
4755
2013
3176
2131
2475
4271
542
658
3690
3335
2321
3721
4732
3278
1746
1859
1994
547
1626
3948
889
2484
3808
1571
4368
4837
279
280
2970
2284
4899
2023
2073
1134
4
788
4536
2601
1585
111
1787
1206
4917
2685
978
3022
4825
2252
222
778
4769
1597
3558
1042
1798
3026
3408
2417
3495
4292
1156
3069
3109
2296
4350
4723
4772
854
1359
3606
607
3868
78
2588
2980
3237
3738
3478
206
1152
3636
1517
3128
2613
2687
1837
224
3788
384
3082
4379
2626
2103
2100
1164
2751
2944
2143
4557
956
2828
3891
2134
223
3607
1070
1793
1416
1313
3829
4336
4710
1023
757
255
2050
302
3212
3448
651
3261
2776
4320
3072
4994
937
1742
2631
1669
4051
4814
3095
2989
4183
1233
3699
904
3338
397
2939
3089
2245
2754
981
1750
3756
312
4715
3833
4333
3719
55
4656
2988
944
3539
4359
2058
4535
2570
4931
3918
163
3825
3190
347
4773
4478
3688
487
626
329
4542
2761
1079
1908
142
2913
1706
3628
4129
2005
7
4314
4711
4377
4117
1664
2148
895
628
4199
849
265
4564
4430
892
1275
1150
2818
71
1075
1167
76
490
4475
808
506
2411
1523
3890
4382
333
3459
179
3066
421
3872
4714
2563
405
4969
4217
1171
2522
828
4417
3497
662
852
311
2793
812
1969
1953
1001
1686
2202
1636
4072
4808
3100
3506
982
2521
4367
1576
1515
2850
3838
3102
4912
57
1453
776
2729
2849
3404
3065
1888
249
