4002
1110
4210
2320
2206
263
617
116
3250
2275
1872
4786
2643
4998
3321
587
1860
2938
3962
2787
785
232
1097
589
201
1111
3857
2592
622
3715
4269
2261
4622
2714
3860
4940
2036
3343
3885
603
2584
781
4878
219
4312
143
4202
1605
3464
4653
3165
2704
4579
1510
1548
3019
4385
1285
2257
1868
3864
1292
3942
4279
558
1136
571
4381
3115
2174
524
4724
2974
251
2814
252
750
3552
1031
3535
2603
2205
1540
4439
1429
774
2780
1114
2801
1203
369
597
4699
2218
4907
4729
426
649
2902
2297
4198
2506
3517
3572
383
4895
1458
862
1381
1139
1272
3213
614
1336
640
1725
1054
3977
959
4567
2601
4847
3555
2172
2923
1214
417
1439
4231
4716
2866
1400
373
96
4054
1674
4052
3081
560
1286
3967
2215
3193
4016
1642
2082
1648
3036
4378
3609
2080
1956
3580
1144
2691
3039
2840
3998
1960
1909
3871
386
4122
456
2207
3459
4096
4926
778
4581
4095
2010
4583
200
2634
1560
2687
4757
615
3910
421
2880
239
3819
4871
1994
4536
2150
4359
3949
1516
4451
1017
2688
1943
2736
3624
1514
1966
2899
447
1565
566
3023
3752
1998
3933
823
4502
3800
2988
1817
1013
1390
1244
2373
3636
1680
1600
352
1104
3148
3086
2534
3965
3062
2520
1499
199
4913
1446
2883
97
630
4354
3667
484
1447
1215
71
4343
4572
2767
3852
2555
958
1946
2932
3597
3542
732
108
1156
4179
4043
1583
1824
2493
504
3880
2979
4116
619
4602
3072
1626
3526
1782
3380
3136
1001
150
3192
2849
2748
4732
4472
3808
3004
922
1126
3044
2659
4194
3626
449
3724
412
3141
4838
904
1985
4783
4710
2121
4526
3052
3176
2430
1257
287
3997
2092
1706
3173
3617
255
2610
906
2058
3198
3732
1988
1761
2680
3157
1707
2788
2086
33
4221
325
1745
2303
4596
1608
125
1075
144
3986
2715
3735
668
89
1788
4480
978
1362
1987
2918
1005
4183
1750
3901
1522
3775
2771
1118
2286
464
2757
2029
3376
3041
4029
4947
1941
4899
1964
1138
826
4261
4627
1531
315
4996
4287
4178
463
551
3305
4551
4252
312
2810
3537
3448
3813
1612
1344
1927
542
4864
3598
3144
4661
4013
2171
160
435
4172
19
2850
829
1087
3917
3168
378
3720
4492
705
444
4820
246
3109
1098
2668
2653
2516
424
496
677
3468
682
4132
3837
1416
1330
3101
4803
279
1849
2315
3824
755
1859
156
3436
4372
1385
2135
2322
4094
2100
204
4339
2726
2050
670
3242
4705
653
2203
1071
3785
1558
4435
4772
525
1840
3691
4068
3095
697
3918
477
2491
4464
2796
190
163
4911
572
1180
1152
2733
1686
1451
184
555
2421
4684
4738
4124
4900
1599
2237
616
2655
1238
2358
1264
3413
1453
901
684
3972
4218
3984
891
606
2540
442
4658
591
4237
4974
2896
2926
1080
4083
2028
1200
819
3557
2232
3303
1253
329
592
1845
4687
3125
4427
2589
259
2889
2973
2922
2829
3075
134
3524
2652
3128
4603
1567
1241
3849
404
506
2148
1305
247
2389
2719
3069
2665
1191
1382
2446
3382
3875
2049
2679
4755
944
3181
1029
3831
2527
3829
685
2143
67
2412
3838
3510
407
638
2732
4241
1604
3833
579
757
1711
3981
947
66
1060
3338
7
1225
3255
4428
1853
4496
3687
4504
1974
3738
2552
4718
811
3047
4711
1759
2591
3780
1176
3795
136
1895
4665
1928
1019
1947
2701
3641
4230
3803
4966
87
2705
3428
4836
3605
1167
3634
4039
3723
4656
3909
124
4182
495
2112
4961
4994
3229
3923
3311
586
4064
2524
1280
338
4369
4962
4214
2871
2841
3881
4792
2804
913
575
37
590
3065
3916
1309
1249
121
3695
1753
1931
4892
189
2818
1806
1820
1275
1795
3553
2640
490
1777
61
2749
1183
3160
1216
868
2208
1521
3006
3948
4837
828
2737
3895
3825
1755
1870
2637
4501
2978
3416
1374
358
437
2175
2005
988
1010
1068
1833
4201
3046
1550
1973
3765
3017
994
2943
2321
1665
2869
895
3010
2031
3778
3351
763
2193
4666
3688
4715
226
570
3015
1717
3932
445
1929
1393
4979
2013
4525
4405
4518
2060
2785
831
3866
3248
3208
2651
2254
112
938
3143
2453
3769
4418
927
3369
925
3262
2900
3812
375
2956
397
956
3770
1554
3595
4648
3994
455
3630
2411
2093
2791
3891
1315
1368
4142
2548
2961
3281
3476
4759
1497
3721
4076
1611
2642
4104
3992
4332
2756
3842
4737
492
1992
930
4668
2588
76
3943
1413
173
2685
4410
3868
2751
4211
4365
1325
3523
1463
418
641
4922
1188
858
3690
1664
1488
4693
809
98
792
2162
3968
1070
1724
451
311
111
1990
4977
568
4203
119
4336
3730
2836
2867
1094
341
628
2616
773
4725
3764
4695
4082
1742
460
4544
1775
1628
4957
1979
179
4726
847
4404
175
4780
3054
4988
4285
1557
3163
3100
4670
3859
3061
278
678
3263
487
2443
1704
2091
2188
2069
2166
3558
4481
4364
4524
3166
2484
2372
986
4377
764
519
2727
3652
1545
2436
3568
2299
961
380
4884
1858
2217
2877
4197
1132
258
1351
1250
3541
1329
848
3567
4165
208
1046
1219
4790
4691
832
3646
2545
4641
2423
4384
2758
4368
313
2821
4644
4255
181
1571
2312
3099
3993
1079
3638
2970
1093
1442
2427
4529
721
1971
2352
4021
3399
3911
3591
4186
3447
3366
2738
348
892
4227
877
2256
432
3554
731
3823
4333
2300
827
1449
527
250
583
4000
1113
611
1266
3408
604
4766
3633
3497
2006
3684
3342
3156
1739
2326
2099
1962
3759
2782
1689
3777
2519
1635
3522
633
3220
1210
3816
1443
309
761
3506
3082
4153
3896
738
726
843
414
430
3347
100
3189
465
1937
3539
1287
