3250
3885
4002
2286
750
1510
1110
1114
4699
4439
4198
3864
2814
2714
1956
2902
4393
1717
4336
1516
263
4218
4000
4998
3019
1680
4210
2320
2193
2174
3343
2867
3115
4122
1872
2922
1583
1642
1111
755
3369
3136
1605
484
2205
2899
4096
4202
4480
1439
1870
3100
426
3857
4895
352
4279
3553
2938
2801
555
4269
589
2080
3280
1429
2974
3860
3192
219
2643
4738
571
100
2610
4312
2187
1860
418
2534
558
4776
357
4837
4221
3075
2757
3459
781
524
3408
862
4622
1612
1960
96
682
617
189
3082
2150
3229
386
3709
201
3023
603
2526
463
2500
3275
3762
2275
1351
2592
622
2866
3715
2506
4581
4124
2937
1548
2257
3617
1359
4053
3122
4878
2680
591
1824
785
4792
501
1745
449
1893
1981
1360
4758
3813
2283
2417
4884
4658
4706
1330
4241
3004
3165
3041
1385
4825
958
4209
4385
1540
1309
1097
2555
742
3752
858
3812
369
3157
2923
2748
3334
3506
3181
4907
4211
4230
3173
3062
4940
4736
4526
1031
3986
1601
2267
2215
1334
150
2034
3086
630
3942
2788
3880
829
1514
3535
4617
3966
3847
4726
432
826
2634
613
4507
4724
657
3844
3719
1005
843
137
4831
2261
3552
4705
139
2932
927
2733
774
4811
287
303
421
383
4371
4653
2010
684
4957
4786
3977
1868
1188
3933
2561
697
3198
2787
1285
4054
3102
614
640
4505
184
2603
1136
232
4311
1689
575
3984
1615
2604
4838
2874
2615
1272
1393
1725
551
4370
162
678
199
3321
2659
4969
3591
1943
3088
1400
4729
634
1982
3609
1001
144
1557
3032
1451
4716
2704
935
1203
2489
4016
2883
3727
112
444
988
693
252
4343
101
3951
19
3944
906
1665
4803
3822
2926
3168
3036
4285
2218
1249
1499
61
3148
2412
2796
3765
321
4844
922
1493
3305
4381
26
2493
587
154
4179
2087
4987
566
615
3590
2316
4194
3261
3081
1442
3294
4913
4994
4922
3380
668
1707
2206
3526
4567
2016
116
3606
3910
4172
360
1867
3144
1998
4286
1013
3464
1292
1732
1336
2479
4627
1806
3896
649
2780
473
1193
4052
3160
1214
1078
4334
2153
4603
4199
607
125
3039
1706
572
4414
1054
1449
4757
1992
3372
2569
1677
1626
3186
852
626
959
2658
2437
3517
3555
1966
3638
1458
456
2737
1025
2036
542
4378
2548
1636
89
134
4043
1969
1022
3486
3311
3015
2979
4038
2771
4926
4649
1674
1871
3819
2754
670
3909
4182
4463
4037
354
3442
1118
3962
3968
3176
1985
1735
2172
2584
3972
4178
3171
4798
1761
3052
1551
3735
412
4132
222
3539
3681
895
792
2499
3635
471
4094
4472
2729
1139
4451
3903
2297
2545
775
2352
4072
1104
952
4864
3594
4539
2795
2978
4418
690
3744
4006
273
1727
251
4898
4479
4583
4579
1782
4966
2304
1863
840
4469
2094
2579
1381
3281
2665
641
373
3949
239
525
4081
1560
4372
2831
3800
2009
3248
3542
3427
2880
994
84
3436
4417
312
1648
3128
713
1819
2691
3881
3597
4461
1060
3006
1070
1390
3998
757
1144
2029
33
971
2778
504
597
1651
4938
196
780
3476
1517
4359
1888
166
1741
2516
4138
115
3330
2988
4860
4266
3831
3823
4847
3808
1087
1280
4919
1325
4723
1191
66
2050
606
4962
4453
1723
143
3557
1142
4076
2171
3848
4973
4711
3308
1620
4292
344
3687
1891
246
4996
2058
1256
1373
4217
487
4700
1817
338
3967
1750
3413
2073
4537
1941
2166
2497
1244
313
265
3572
3213
4339
2207
2849
2736
1641
4332
4231
2228
285
3242
1262
3567
4001
1069
3278
4502
1071
3636
2522
2735
4900
3061
1755
1881
136
904
2918
2973
2651
822
1565
2869
2127
2510
2968
405
3824
3901
3533
2687
4769
779
738
777
893
489
1433
4145
2600
1600
78
1792
2688
3044
2505
1287
2635
3654
1394
3932
6
732
3742
2121
1251
4116
4377
3764
4917
2840
3335
2528
673
4325
1522
823
4323
4410
1664
2373
4197
981
4314
2092
1157
1555
371
3457
3732
3461
903
978
1344
279
619
3473
4379
4871
4943
3607
982
365
121
2756
3994
3871
4261
2088
3997
1049
1238
4710
4572
4533
3302
2086
1156
2303
2621
1235
1545
4862
1436
3775
2490
1286
3580
1686
3649
3063
4252
2626
2028
1796
869
4113
4143
2701
4501
4013
2031
1521
3598
2315
967
4979
3830
2540
704
4165
1181
108
3918
695
1987
4625
4536
778
3357
4629
1201
3837
3661
1531
677
3868
3104
3852
326
249
447
4927
417
4243
4596
560
1377
4440
1507
3022
2576
2082
1628
79
1690
4368
1927
1602
1597
3756
4408
1929
156
3691
3917
1569
351
4974
628
2905
4547
1571
901
3667
2235
3106
1709
3109
3291
2049
76
1261
71
3922
4464
1215
4288
2183
4219
3456
1898
4701
1909
250
2601
1879
4253
4067
2871
2191
2672
3628
4203
3346
4947
2586
1425
1017
2668
1257
276
4430
2767
4544
1497
519
4090
1098
3788
3965
2877
4631
3328
1040
258
3060
4254
934
4745
4602
1245
1834
4574
4492
3072
4598
1042
4933
4183
1447
97
2385
2996
1225
4078
2520
4684
4475
2570
2135
1828
179
3537
183
3524
3658
1062
2726
334
761
1928
4747
2715
2613
3193
4870
642
2157
1275
160
3992
2594
1536
1303
3303
435
1925
3481
2388
1431
1829
1913
3626
4029
2779
1075
2642
4647
1931
3047
247
325
2907
1994
4532
3026
3435
4691
200
4256
4648
4751
3624
4732
4970
98
4354
4504
1318
159
3895
3355
2945
2857
4404
4369
424
2223
3792
2289
2078
4997
3657
4245
2411
2162
3853
578
913
3662
3349
4759
616
3254
2976
1488
1362
930
4790
923
4911
2652
3332
3608
3172
3238
4989
2180
3065
2430
961
349
1273
2213
2013
4173
4778
