3
5
18
23
25
30
32
43
54
60
77
81
83
88
99
100
111
114
120
136
138
142
149
153
155
158
161
165
178
188
192
195
196
197
200
207
215
218
221
222
225
226
231
236
248
250
254
257
260
262
272
275
279
284
286
301
302
310
311
312
320
325
329
346
350
351
353
356
357
359
363
364
368
370
373
376
382
383
385
404
411
414
416
417
423
425
428
431
434
439
460
462
470
471
472
474
483
488
491
500
518
523
524
526
541
550
554
557
565
570
571
574
575
577
579
586
588
590
602
605
606
612
613
616
618
625
629
633
640
648
649
656
657
661
672
677
681
683
689
692
694
696
703
704
712
723
731
736
741
748
749
751
754
756
760
764
772
773
774
776
778
779
784
787
791
793
802
807
821
822
823
839
840
842
851
857
861
862
868
884
885
892
894
899
902
903
926
934
936
951
957
958
966
967
970
976
980
996
1000
1004
1007
1020
1021
1024
1030
1036
1039
1041
1059
1061
1065
1068
1077
1085
1089
1103
1109
1110
1113
1115
1117
1125
1137
1141
1142
1145
1151
1156
1157
1181
1182
1187
1192
1200
1202
1211
1213
1215
1216
1234
1235
1240
1243
1244
1248
1250
1251
1255
1260
1261
1281
1283
1285
1291
1308
1324
1329
1333
1335
1348
1350
1358
1359
1361
1372
1380
1384
1389
1399
1402
1413
1424
1432
1435
1438
1456
1487
1492
1496
1498
1506
1509
1511
1513
1515
1516
1520
1529
1535
1543
1544
1547
1550
1554
1566
1568
1582
1584
1596
1599
1600
1601
1604
1605
1607
1610
1611
1614
1619
1627
1635
1636
1640
1641
1643
1647
1650
1651
1664
1676
1677
1679
1688
1697
1705
1708
1712
1716
1722
1725
1726
1731
1734
1740
1741
1744
1751
1757
1774
1779
1786
1791
1792
1805
1816
1818
1821
1824
1827
1828
1831
1833
1839
1857
1862
1866
1867
1869
1870
1878
1879
1880
1891
1892
1895
1897
1907
1908
1909
1912
1924
1926
1927
1928
1931
1940
1945
1955
1959
1963
1965
1968
1980
1984
1987
1989
1991
1993
1997
2008
2012
2015
2030
2033
2038
2045
2048
2066
2070
2072
2075
2077
2079
2085
2086
2087
2093
2099
2111
2124
2126
2130
2133
2151
2152
2161
2177
2182
2186
2188
2190
2192
2204
2216
2217
2233
2234
2236
2244
2256
2265
2266
2282
2283
2285
2288
2299
2302
2303
2314
2315
2319
2320
2325
2335
2351
2357
2358
2370
2372
2384
2387
2391
2398
2406
2411
2416
2429
2436
2437
2438
2447
2449
2458
2461
2465
2478
2482
2488
2489
2492
2496
2497
2498
2499
2504
2509
2515
2521
2522
2525
2527
2531
2538
2544
2547
2554
2560
2562
2568
2575
2578
2583
2593
2602
2603
2609
2612
2614
2620
2625
2630
2633
2634
2637
2642
2648
2650
2651
2657
2658
2660
2671
2678
2679
2686
2687
2690
2692
2707
2710
2713
2714
2716
2729
2732
2734
2736
2748
2753
2755
2756
2766
2770
2775
2777
2778
2779
2786
2790
2792
2795
2800
2809
2813
2827
2830
2844
2848
2856
2865
2866
2868
2870
2873
2876
2879
2882
2888
2892
2898
2901
2921
2926
2931
2934
2936
2937
2938
2943
2946
2952
2959
2967
2972
2973
2975
2977
2979
2987
3001
3003
3014
3019
3021
3027
3028
3031
3033
3034
3035
3040
3043
3046
3048
3051
3059
3060
3061
3062
3073
3074
3080
3081
3087
3089
3094
3099
3101
3105
3108
3114
3121
3124
3127
3128
3134
3135
3140
3143
3147
3148
3156
3165
3170
3171
3174
3180
3185
3189
3191
3192
3197
3200
3202
3211
3212
3215
3226
3228
3239
3249
3253
3256
3257
3260
3263
3274
3277
3279
3293
3301
3307
3310
3323
3327
3329
3331
3333
3334
3337
3342
3345
3348
3356
3368
3371
3375
3385
3407
3409
3410
3423
3426
3432
3435
3437
3441
3456
3458
3460
3463
3465
3472
3475
3480
3485
3486
3494
3505
3506
3518
3525
3530
3532
3544
3552
3556
3559
3562
3579
3583
3589
3590
3596
3602
3606
3607
3616
3634
3637
3645
3653
3656
3657
3660
3661
3664
3673
3675
3679
3680
3686
3689
3690
3700
3708
3714
3718
3719
3720
3722
3723
3726
3734
3741
3742
3743
3751
3755
3761
3763
3774
3787
3799
3802
3807
3811
3812
3814
3821
3829
3830
3837
3841
3843
3846
3847
3851
3852
3855
3856
3857
3858
3859
3863
3867
3870
3880
3881
3884
3894
3895
3900
3902
3908
3916
3917
3919
3921
3922
3923
3927
3931
3941
3943
3950
3961
3964
3965
3971
3983
3985
3993
3994
3996
3999
4000
4001
4005
4008
4012
4015
4026
4034
4036
4037
4038
4042
4050
4051
4052
4054
4063
4064
4066
4071
4079
4080
4089
4093
4095
4110
4112
4121
4123
4128
4131
4132
4134
4137
4138
4142
4144
4159
4161
4171
4172
4176
4178
4180
4193
4196
4197
4198
4200
4201
4208
4209
4216
4217
4220
4221
4229
4240
4242
4251
4252
4253
4257
4265
4268
4270
4278
4284
4285
4287
4310
4313
4322
4324
4333
4335
4338
4347
4367
4369
4370
4378
4392
4403
4406
4407
4413
4416
4417
4434
4438
4439
4450
4452
4460
4462
4466
4468
4474
4478
4479
4488
4489
4504
4506
4535
4536
4538
4540
4546
4556
4557
4563
4566
4569
4573
4574
4578
4579
4580
4582
4590
4595
4599
4616
4620
4624
4626
4627
4628
4633
4642
4646
4648
4652
4657
4683
4690
4698
4699
4704
4705
4708
4713
4714
4717
4721
4722
4723
4725
4727
4728
4729
4730
4735
4737
4744
4746
4756
4757
4758
4768
4772
4775
4785
4791
4792
4797
4802
4810
4824
4830
4831
4837
4843
4855
4861
4869
4877
4878
4883
4894
4897
4902
4916
4918
4922
4930
4931
4936
4937
4945
4954
4956
4961
4964
4968
4980
4981
4986
4988
4995
4996
