3212
886
2459
1157
3433
3868
3507
208
519
749
1146
24
226
1126
2871
2438
1896
1758
3928
4715
4643
3166
2205
4064
704
3476
4862
4832
3665
1964
312
4917
1536
1726
4684
4243
3986
658
1698
1245
1062
2939
4181
808
2125
33
3721
2315
4878
3035
2708
2730
1966
3457
1606
1881
2046
1457
112
2857
2661
4989
4856
1142
3227
968
1235
3533
4769
2613
1261
415
1236
3920
2883
4932
432
3201
3346
196
4591
4009
1741
3560
4489
2717
1214
3175
2576
4094
3848
1709
967
2352
2049
1988
2523
3410
3240
2439
313
572
4379
82
2316
3526
900
3691
1349
4160
4222
1201
2234
2935
2218
4435
3557
3590
4903
1641
1742
3853
1507
527
3924
2100
2407
2845
2326
4691
4348
3203
3338
1086
1090
1499
4253
1628
840
2178
4143
276
1008
4067
4955
3062
4759
1512
3328
2791
3090
4129
4547
4574
1037
3149
732
1585
2927
4580
4621
737
3545
1521
2217
2009
2643
2430
1182
724
4407
4027
4177
1608
697
2371
2778
3724
159
4001
3109
2621
2462
3994
4201
2189
156
3278
2522
2532
3723
2649
4339
4035
197
780
2399
2539
2266
757
78
255
1637
3254
1555
1138
3125
4628
2980
2392
1212
3972
3020
2086
2687
2877
3743
4081
1143
1706
852
4895
3044
3002
4254
3932
3838
2635
634
3831
4162
1913
2973
794
1858
249
3036
2638
2831
2953
2289
4039
2828
4629
4536
3657
302
4870
4937
3495
4793
461
2284
1403
1309
4982
4575
4625
1925
3764
3756
4258
3106
1981
4252
3436
2594
384
3424
1414
61
3646
1946
1362
4773
1829
2767
3332
2131
2245
3466
971
1832
2779
219
3264
4965
578
193
3473
2733
3258
179
1990
1385
3788
4996
863
1292
1183
1152
977
1325
3128
3029
1433
311
2651
2947
2771
1819
755
351
3102
1620
475
280
489
1817
4957
3674
2071
3857
695
2388
1735
2237
4714
330
2960
2516
3349
3607
1780
904
3095
1928
1488
1286
1069
3603
958
3115
2659
4408
2489
1597
3701
2680
3918
365
2321
4440
2810
1992
3376
216
1436
3803
2094
788
1787
2127
4
258
4197
2976
2978
4404
4747
3022
3687
765
4013
641
761
2359
1425
4634
1713
4600
2505
2528
2078
3895
1929
3662
1497
374
2497
3658
1956
997
4090
2039
4946
775
3531
4202
3720
2899
4463
895
3302
713
1792
4314
555
1908
1373
4745
1400
4055
2693
1775
55
4879
261
3015
2749
223
1042
2088
4002
3060
4803
1545
4757
237
3808
3193
2112
2493
4271
1517
3815
1022
3901
1021
4133
3438
1060
542
3690
4145
4919
3882
3909
4230
3858
3004
3075
2679
1158
551
2735
227
591
1732
841
614
3995
4570
4479
2303
2880
3461
705
2849
4417
4730
4931
2067
2869
1336
2793
2490
1648
121
4718
4700
3676
2191
3903
1723
4368
3213
3481
1216
3917
2968
3144
981
3172
3864
3871
2358
364
4453
3335
89
417
1994
3997
3591
2336
576
198
2756
4923
2988
937
3034
4728
3311
3442
4537
650
4997
1001
4199
4567
154
823
2450
858
4325
869
1583
3216
3136
4838
575
429
1193
2691
354
2087
2610
3061
115
693
1825
4418
405
2162
4581
4583
3830
44
2448
3922
1078
386
4323
1644
2013
3813
1244
19
1390
2437
4043
1569
3966
606
4649
471
824
4731
626
4080
1066
2796
3680
4334
3608
3842
4037
4135
2711
2545
501
440
4194
2016
4266
2715
1602
4173
3261
2626
3965
1551
2658
2152
2373
4469
1793
525
3635
2631
1439
1262
1752
1601
1040
2780
101
3186
3294
3082
4038
4898
1611
1203
3744
662
4467
1249
358
371
2073
1111
2031
1256
1116
3844
4705
822
2561
2134
3427
1689
4065
4722
3063
2548
619
492
3638
1652
1867
4884
4111
3408
2889
673
4179
779
3148
1822
1544
1600
2483
3519
3742
2754
4052
3597
3459
150
3330
1941
287
4113
4475
84
3580
927
4311
2922
347
4122
2080
4269
1932
321
2563
4072
4564
31
4051
1651
412
2652
3654
2579
4505
1334
3859
1677
1840
6
4798
1909
4288
2776
2267
1612
1665
3661
3487
607
4132
3157
4738
326
2300
2932
4726
1678
657
2688
3584
1114
2498
773
1828
1025
3135
2814
4279
2866
3727
1605
843
360
1252
3047
2235
1005
1927
952
2257
2385
2714
1241
2893
4539
4758
3896
3563
1282
630
2510
3052
2320
2283
3028
472
4172
2304
4209
3752
3129
1879
3984
959
862
580
2466
137
3822
1680
2615
4579
3308
3735
435
1104
2499
4414
4647
4709
4138
162
4825
4507
603
1188
2183
792
1642
3171
3074
678
2944
1636
1871
3081
4541
4000
752
3852
1727
463
1863
2937
3141
1910
3100
2412
2737
1898
4451
613
4217
1998
3812
4241
1530
774
2604
4490
2634
3464
3800
903
143
4962
2867
251
139
1381
4439
3944
3032
4198
1880
4557
273
166
1118
566
4627
2034
4831
303
4285
3923
935
1284
4006
3775
426
4139
1360
3275
263
2757
1359
473
4016
3192
1251
352
587
3257
4658
4370
3369
3198
893
1514
684
4844
4706
4736
418
1806
2500
4617
785
4724
4776
1893
3122
3553
3617
2187
2153
777
1868
1567
4461
649
383
3942
3357
3951
1351
222
4969
4729
3049
4653
377
4723
3962
201
4987
3280
4286
3229
1217
2526
2974
2417
4938
4053
2874
3088
484
3190
1510
1493
3386
682
3881
2584
1985
2555
3506
4124
3486
1330
369
803
589
4480
750
2569
4558
424
2787
232
2479
1969
2672
3324
571
3847
2076
4096
2193
4596
3719
3181
3041
3762
1110
1031
3372
1615
2603
4981
617
26
4371
3715
4792
1892
1834
4786
4221
2902
1960
1548
1870
1745
2938
690
3681
285
189
3860
4210
2286
100
4336
558
3334
4218
1717
3856
524
4811
357
3885
742
1516
885
4699
3343
3709
2801
3411
4393
3250
