4129
1966
3924
3615
1041
852
2982
4942
1970
432
590
1706
2717
4091
971
4759
4448
2781
1164
1292
444
3454
4034
3457
3886
640
2150
4157
704
2266
2687
1324
3928
1093
1126
3113
4379
929
82
967
2205
3557
4955
2730
769
4690
4900
3986
2708
464
854
3691
922
2643
2189
2210
1964
809
486
4983
4233
986
1471
3838
4243
61
4348
4779
1403
685
651
4183
4663
887
1442
4684
3724
3526
2439
1433
968
3258
4407
39
3891
4131
1261
1582
3016
1201
4339
4211
2217
3507
1988
4747
397
2996
3090
1062
3721
757
4027
3743
3658
3029
1690
112
4943
2576
4932
3278
1273
1881
3824
276
3307
2883
3115
4435
1637
2778
1488
2438
1999
3831
4917
2621
2973
3002
3433
4343
1908
4826
2480
4589
2693
2234
1597
572
4773
1981
1521
4547
3109
3336
2392
3649
2245
1362
3436
3764
384
1606
4219
4957
697
794
2352
1134
2174
1628
3128
1152
4937
4862
2094
4837
2289
2622
3166
2497
519
4625
3995
1349
1608
3227
1309
1159
628
1829
349
915
3972
3035
997
2407
982
2284
1037
2729
2980
156
780
1436
4629
3036
2661
3102
2067
2638
55
1956
641
4160
351
2462
2554
527
2009
3106
3201
3803
219
3349
788
249
1555
3606
2230
313
4067
1507
3723
3665
4181
1385
958
2100
4691
255
3848
1138
4252
1545
4895
2532
3788
4870
2516
1042
863
2253
4489
3590
179
695
3545
4536
2249
737
3857
2679
761
3125
12
2336
3172
808
1792
489
4
1946
1069
2086
227
841
4081
2071
2326
3994
732
1008
4417
3603
3424
1236
2680
2976
4793
1775
2749
2779
2828
3756
3461
2528
2237
4222
1925
2899
4094
3004
977
4479
4769
895
461
2953
2771
4404
2927
4408
2539
3687
3560
365
2877
2505
3044
4253
2127
1641
1735
3442
4323
1497
3346
1183
4621
4258
1780
2978
1787
4856
1913
2399
1585
3015
475
3473
3997
4591
4202
3903
1499
2767
2371
223
3533
196
2810
4314
261
4013
650
3909
3864
4230
1713
405
578
1373
2489
4714
193
542
3690
1819
1648
311
1086
2649
154
1992
3376
4919
330
4996
3020
904
4997
1414
4634
555
1182
2450
4266
3203
755
1193
4982
374
3495
4090
4469
4730
2594
2659
3328
4197
3335
1425
4570
4254
4039
4745
576
4440
869
3646
1817
280
2658
4700
3932
1060
159
2793
4575
1286
2388
4453
3607
1990
1001
3332
4080
3680
2733
2849
724
3193
3701
216
1512
4143
4757
2545
1090
1116
4133
2635
1928
2358
4162
4038
258
1644
3095
2087
2631
575
2880
1929
4173
626
3302
823
4879
3901
1620
551
4065
937
31
2321
3674
1078
3882
2039
2522
2437
471
3144
3918
2162
1832
197
3813
3481
3261
2831
3858
3635
3264
3022
3213
1390
525
78
4600
1723
775
2548
2756
1216
2078
3720
4931
3808
614
1325
765
2651
858
1249
2947
1336
2088
115
4946
2988
606
2968
417
4718
4055
2626
2493
2303
3186
1583
2922
2359
4965
386
1678
3075
981
354
2869
3676
4581
2073
4325
4002
1022
4537
4072
2112
3830
4838
1158
3311
4567
3871
429
713
2579
4728
121
1334
3744
1932
4731
3459
705
2711
1867
19
3438
1256
607
4803
2691
4475
3895
1752
492
1994
1244
1611
1569
4368
4923
2735
440
2448
3061
1551
3662
3922
3082
619
1040
2776
4463
1689
591
3408
4649
2267
2960
662
1400
89
4037
3136
1203
3917
4145
3427
4583
824
1021
2483
326
3531
4179
779
360
198
4043
2304
678
1600
580
1652
2191
4052
2780
237
3157
101
3135
927
2490
2183
4898
3028
1517
2563
4414
1677
3815
822
1066
3563
4705
2013
752
1602
1680
4271
4709
4122
3965
1530
4135
3060
4051
4647
4199
1732
4564
1825
843
1605
1793
412
3742
773
4418
693
4194
2031
2152
4507
3842
4113
1941
3047
2373
4111
3216
4288
2610
364
3141
3591
2889
3034
4217
2466
4467
2715
371
4269
1114
3859
501
1871
1025
44
4209
3896
3148
1840
935
1262
2080
3984
150
3966
1909
4334
2714
3519
4722
4627
347
6
2652
2688
1111
2866
1998
2796
2510
3597
613
1880
4132
3171
3661
630
1360
358
2134
3330
1241
4579
3580
673
3487
2615
2283
959
287
3294
2016
3608
2257
1282
3638
166
893
4505
84
1439
2385
2893
3752
3844
1898
1544
3063
1651
4311
4172
1665
1927
1601
1828
1188
4557
3735
162
4617
3584
862
4884
2867
1612
2499
4758
2754
1822
4825
4461
3257
4279
603
1863
2932
321
2757
2561
435
792
4798
2235
2604
3308
1636
4370
2634
1104
463
3052
3852
4706
472
4726
2300
1879
3464
2737
3727
3800
3654
4286
1217
4539
2974
3100
4738
263
4451
3129
657
1005
587
4000
3944
2944
2814
3081
4006
2034
143
251
4490
2417
4969
1493
1252
2498
1381
1567
774
1514
4198
3275
1727
2153
383
4138
4844
3617
777
3074
3923
352
3812
3775
3486
137
2412
2320
2500
4439
4658
4736
1868
785
1893
4016
4241
3951
4541
4962
1118
3822
4285
1251
4831
3369
952
1910
1351
3357
426
303
3942
3198
3122
473
566
139
3181
418
2187
2874
1642
2569
3049
1284
3386
4139
682
201
484
273
903
4653
377
2584
2937
649
4724
4987
1510
589
4729
1330
3088
1806
3962
4938
1892
424
3192
684
3190
2526
4558
3032
2555
3280
3719
2479
3553
617
1359
3762
571
2076
189
369
232
4371
3372
1985
4124
2787
3506
222
1834
3229
750
1870
4776
2603
1969
4053
3041
1110
4723
2902
3715
4480
4981
4596
26
3881
1031
803
3860
1548
4221
3847
3324
2193
4786
285
4096
4210
2672
742
4811
4218
2286
4336
4792
2938
3334
1960
885
1615
690
3885
100
4699
1745
558
357
3856
1516
3681
1717
524
3343
2801
3709
3250
3411
4393
