4128
1965
3923
3614
1040
851
2981
4941
1969
431
589
1705
2716
4090
970
4758
4447
2780
1163
1291
443
3453
4033
3456
3885
639
2149
4156
703
2265
2686
1323
3927
1092
1125
3112
4378
928
81
966
2204
3556
4954
2729
768
4689
4899
3985
2707
463
853
3690
921
2642
2188
2209
1963
808
485
4982
4232
985
1470
3837
4242
60
4347
4778
1402
684
650
4182
4662
886
1441
4683
3723
3525
2438
1432
967
3257
4406
38
3890
4130
1260
1581
3015
1200
4338
4210
2216
3506
1987
4746
396
2995
3089
1061
3720
756
4026
3742
3657
3028
1689
111
4942
2575
4931
3277
1272
1880
3823
275
3306
2882
3114
4434
1636
2777
1487
2437
1998
3830
4916
2620
2972
3001
3432
4342
1907
4825
2479
4588
2692
2233
1596
571
4772
1980
1520
4546
3108
3335
2391
3648
2244
1361
3435
3763
383
1605
4218
4956
696
793
2351
1133
2173
1627
3127
1151
4936
4861
2093
4836
2288
2621
3165
2496
518
4624
3994
1348
1607
3226
1308
1158
627
1828
348
914
3971
3034
996
2406
981
2283
1036
2728
2979
155
779
1435
4628
3035
2660
3101
2066
2637
54
1955
640
4159
350
2461
2553
526
2008
3105
3200
3802
218
3348
787
248
1554
3605
2229
312
4066
1506
3722
3664
4180
1384
957
2099
4690
254
3847
1137
4251
1544
4894
2531
3787
4869
2515
1041
862
2252
4488
3589
178
694
3544
4535
2248
736
3856
2678
760
3124
11
2335
3171
807
1791
488
3
1945
1068
2085
226
840
4080
2070
2325
3993
731
1007
4416
3602
3423
1235
2679
2975
4792
1774
2748
2778
2827
3755
3460
2527
2236
4221
1924
2898
4093
3003
976
4478
4768
894
460
2952
2770
4403
2926
4407
2538
3686
3559
364
2876
2504
3043
4252
2126
1640
1734
3441
4322
1496
3345
1182
4620
4257
1779
2977
1786
4855
1912
2398
1584
3014
474
3472
3996
4590
4201
3902
1498
2766
2370
222
3532
195
2809
4313
260
4012
649
3908
3863
4229
1712
404
577
1372
2488
4713
192
541
3689
1818
1647
310
1085
2648
153
1991
3375
4918
329
4995
3019
903
4996
1413
4633
554
1181
2449
4265
3202
754
1192
4981
373
3494
4089
4468
4729
2593
2658
3327
4196
3334
1424
4569
4253
4038
4744
575
4439
868
3645
1816
279
2657
4699
3931
1059
158
2792
4574
1285
2387
4452
3606
1989
1000
3331
4079
3679
2732
2848
723
3192
3700
215
1511
4142
4756
2544
1089
1115
4132
2634
1927
2357
4161
4037
257
1643
3094
2086
2630
574
2879
1928
4172
625
3301
822
4878
3900
1619
550
4064
936
30
2320
3673
1077
3881
2038
2521
2436
470
3143
3917
2161
1831
196
3812
3480
3260
2830
3857
3634
3263
3021
3212
1389
524
77
4599
1722
774
2547
2755
1215
2077
3719
4930
3807
613
1324
764
2650
857
1248
2946
1335
2087
114
4945
2987
605
2967
416
4717
4054
2625
2492
2302
3185
1582
2921
2358
4964
385
1677
3074
980
353
2868
3675
4580
2072
4324
4001
1021
4536
4071
2111
3829
4837
1157
3310
4566
3870
428
712
2578
4727
120
1333
3743
1931
4730
3458
704
2710
1866
18
3437
1255
606
4802
2690
4474
3894
1751
491
1993
1243
1610
1568
4367
4922
2734
439
2447
3060
1550
3661
3921
3081
618
1039
2775
4462
1688
590
3407
4648
2266
2959
661
1399
88
4036
3135
1202
3916
4144
3426
4582
823
1020
2482
325
3530
4178
778
359
197
4042
2303
677
1599
579
1651
2190
4051
2779
236
3156
100
3134
926
2489
2182
4897
3027
1516
2562
4413
1676
3814
821
1065
3562
4704
2012
751
1601
1679
4270
4708
4121
3964
1529
4134
3059
4050
4646
4198
1731
4563
1824
842
1604
1792
411
3741
772
4417
692
4193
2030
2151
4506
3841
4112
1940
3046
2372
4110
3215
4287
2609
363
3140
3590
2888
3033
4216
2465
4466
2714
370
4268
1113
3858
500
1870
1024
43
4208
3895
3147
1839
934
1261
2079
3983
149
3965
1908
4333
2713
3518
4721
4626
346
5
2651
2687
1110
2865
1997
2795
2509
3596
612
1879
4131
3170
3660
629
1359
357
2133
3329
1240
4578
3579
672
3486
2614
2282
958
286
3293
2015
3607
2256
1281
3637
165
892
4504
83
1438
2384
2892
3751
3843
1897
1543
3062
1650
4310
4171
1664
1926
1600
1827
1187
4556
3734
161
4616
3583
861
4883
2866
1611
2498
4757
2753
1821
4824
4460
3256
4278
602
1862
2931
320
2756
2560
434
791
4797
2234
2603
3307
1635
4369
2633
1103
462
3051
3851
4705
471
4725
2299
1878
3463
2736
3726
3799
3653
4285
1216
4538
2973
3099
4737
262
4450
3128
656
1004
586
3999
3943
2943
2813
3080
4005
2033
142
250
4489
2416
4968
1492
1251
2497
1380
1566
773
1513
4197
3274
1726
2152
382
4137
4843
3616
776
3073
3922
351
3811
3774
3485
136
2411
2319
2499
4438
4657
4735
1867
784
1892
4015
4240
3950
4540
4961
1117
3821
4284
1250
4830
3368
951
1909
1350
3356
425
302
3941
3197
3121
472
565
138
3180
417
2186
2873
1641
2568
3048
1283
3385
4138
681
200
483
272
902
4652
376
2583
2936
648
4723
4986
1509
588
4728
1329
3087
1805
3961
4937
1891
423
3191
683
3189
2525
4557
3031
2554
3279
3718
2478
3552
616
1358
3761
570
2075
188
368
231
4370
3371
1984
4123
2786
3505
221
1833
3228
749
1869
4775
2602
1968
4052
3040
1109
4722
2901
3714
4479
4980
4595
25
3880
1030
802
3859
1547
4220
3846
3323
2192
4785
284
4095
4209
2671
741
4810
4217
2285
4335
4791
2937
3333
1959
884
1614
689
3884
99
4698
1744
557
356
3855
1515
3680
1716
523
3342
2800
3708
3249
3410
4392
