4532
769
4957
1829
4747
2407
2829
4878
4663
2150
219
3518
2049
1287
3564
697
3457
1273
929
1433
39
3968
2110
4252
3824
2210
3557
1981
628
4895
958
2009
2905
1858
4219
1070
528
3098
3660
1201
4377
112
2576
4208
351
1628
4407
3090
1093
2989
4628
3891
982
2480
4779
1597
4131
3240
4903
3023
2189
2622
2438
276
3721
660
3062
2249
3029
302
4062
808
345
3113
3649
50
3106
4837
4129
2094
2791
1523
464
4862
2687
4943
3838
2554
4009
2174
1152
1062
4211
1888
2218
4942
1041
4081
2046
4064
4404
3307
3336
968
1157
915
1637
3303
2289
4177
3887
3433
12
2228
2570
1292
2978
4201
3803
4989
3547
3724
2996
2927
249
1134
685
2973
1964
2230
3454
4826
1521
3606
4253
4035
1881
2234
2217
3658
1235
4625
1488
3016
2899
2693
2661
1555
489
3972
4013
3102
2237
156
1988
1159
1499
1908
256
1706
4691
4690
1261
3928
2638
4489
4589
704
4027
809
3788
4202
3015
4998
3473
2497
519
780
3764
3756
1037
3515
475
3723
2779
2462
2621
761
2528
1403
3166
3995
2253
223
4919
997
658
2810
4856
3410
2505
486
4793
2749
3560
2532
1780
311
1143
4181
2980
3590
3128
4870
4222
578
3436
55
4067
2067
2729
4621
3848
1925
2539
3172
2326
3227
1236
2523
3125
1069
4
3203
2100
4343
1913
840
3646
2953
365
3994
2613
3857
3864
3691
1690
841
3346
3743
4348
2316
3920
3035
444
3424
1362
3149
1929
4757
1507
2392
2086
2266
3201
255
4408
2643
1385
1946
2679
3687
2358
1608
461
3665
159
904
2771
1606
3461
405
3376
2877
650
2489
737
1042
732
2516
788
3332
4143
755
2087
3986
4591
82
3020
4570
1008
154
1512
2399
3335
863
196
1138
1819
4629
4440
4323
3002
634
641
2594
4453
852
2071
2935
2284
2336
4243
2371
3495
349
2388
4094
1086
1078
4773
1425
4575
3144
4997
1090
2793
1183
4536
4162
3044
2545
2778
4600
3261
1309
937
4745
3997
1182
2162
542
2976
724
280
330
4937
3213
4160
1735
2680
1497
1585
1545
2127
858
2635
386
4700
4258
2659
1775
895
4996
794
775
2352
3635
971
227
4982
313
4469
4838
1648
3328
1620
4266
869
3918
121
3264
4002
3545
3882
1325
3481
4714
2880
354
4090
2733
4581
2828
4133
4879
3701
1286
1060
2756
1990
3349
4803
3813
3808
4769
1832
374
1817
216
4730
2767
3533
1336
4038
2691
1928
258
3115
1583
4197
3603
1436
1116
2245
3311
3744
1022
3901
4055
4634
606
1216
3932
1244
1641
4039
471
3193
1390
576
179
3662
2831
705
4368
4179
2968
1723
4065
4649
2849
1956
1713
4479
3095
193
2626
2321
2039
981
1792
3302
197
555
2649
4965
3022
2522
2631
823
4475
3858
4314
1611
695
977
261
4325
78
3895
713
4567
4254
1373
3680
3674
3690
2711
2548
3082
551
2303
115
1689
3720
3075
31
2267
4052
2960
4230
2088
1644
2073
607
1414
4718
3004
4463
3531
3830
765
2651
1867
4946
3427
1569
3903
3909
4537
2579
4728
2947
4080
3922
1158
4583
4705
1787
3408
3061
3676
2869
2450
1021
1517
3607
1652
412
4072
1334
1551
1001
360
3871
927
4037
3815
843
591
2493
2735
1992
1193
417
4931
1400
2780
2112
1203
779
525
4271
4194
1678
1249
2776
575
4417
2031
3136
2078
619
3438
237
3442
492
662
3148
3591
614
4199
773
2714
89
429
1114
2359
3984
4145
2988
3896
2437
822
150
1932
824
101
1994
1680
1066
2563
2304
4043
4288
4209
2796
4113
44
4564
198
3742
4722
1040
2448
4122
4173
3135
678
626
580
2688
630
2013
1677
959
3917
3034
693
4467
4269
440
3966
1262
1941
4731
3965
3060
4135
2658
3597
3216
1600
3638
1605
4923
1732
3459
2152
1530
2610
4051
1825
3842
3186
2183
4172
2715
1840
4334
19
752
4132
3661
2889
6
4217
4898
3519
2373
3330
4111
1793
2191
1651
501
2652
1602
862
3487
358
2510
2080
1822
2134
2466
3294
2257
3608
1544
1025
3141
2490
935
1439
3844
1360
2866
4884
2483
4505
1256
347
364
613
1828
4418
1601
3563
2016
287
3580
2634
1752
3171
2754
3464
4627
1880
1111
3028
2283
3157
673
2922
3047
4279
1909
84
3752
3063
2893
1898
4758
2867
4311
2499
4579
2604
4738
3859
435
3800
1282
321
2814
1005
263
1241
4825
2615
326
1612
4798
4006
162
657
3617
603
4370
1998
3308
1879
3584
4709
893
1871
1188
2498
2034
4461
1381
3129
4617
2300
774
371
463
3100
1868
352
3727
4507
2385
1727
4414
1252
2737
3654
2757
1514
2153
4647
4844
1927
3257
3052
4000
1567
4439
472
3944
4451
3942
2561
4539
1665
1863
1636
792
4557
3275
3369
3081
2974
1251
4658
2320
2932
3852
1217
587
3775
2944
3735
2235
952
143
383
1910
1493
484
3812
3074
1118
3923
166
1104
4139
777
4726
2412
4541
1510
3822
273
426
251
4198
303
4285
3122
4724
1893
4241
3049
1642
4490
4831
2937
3486
4736
137
3198
4969
4016
785
3951
4138
2555
2874
1284
3357
4962
2187
566
4653
4706
903
4987
1351
682
139
4729
1330
424
3192
3181
201
2569
4286
3088
3386
418
2500
4938
589
3032
571
1359
377
649
1806
4124
232
3190
2584
2526
3762
3962
3506
2787
2417
3280
473
2479
1892
3719
4776
1110
4558
369
684
3553
617
3229
3372
2603
222
1969
1548
750
4723
3041
4981
4596
1031
3881
2076
1985
26
2902
4096
3860
803
4053
2193
3847
4210
189
4371
4218
3324
4221
1834
2286
3715
3885
4480
4336
285
4786
1960
1870
742
1745
4792
1615
3334
2672
4811
885
357
558
1516
100
690
2938
3681
3343
3856
524
1717
4699
3709
2801
3250
3411
4393