2500
2871
1373
4252
2874
1365
1362
4254
1360
1359
3410
2877
4256
3408
1351
1350
1349
1348
2880
2883
4243
1336
2869
4241
4209
2862
4210
4211
4217
4218
4219
3418
4221
4226
2866
4230
4233
4235
2867
1394
1390
1385
1383
1381
4266
1334
4269
4314
1262
1261
4315
1256
4323
4325
1251
1249
1248
1245
1244
1236
1235
4334
4336
4337
4342
1212
2905
4311
4310
1273
2884
1330
1324
4279
1320
1318
4280
1312
1311
4208
1310
4285
4286
4288
4292
3386
1287
1286
2899
2902
1309
1209
2858
4202
1591
4113
1583
1582
1578
3442
1569
1564
4115
1557
4122
1555
4124
4125
1551
1548
1545
1544
2827
1597
4131
1600
1602
1648
1642
1641
4080
4081
1636
1628
4090
1623
1620
4091
1617
2814
1615
4094
1612
4096
1608
1605
1601
2828
1536
4132
1471
2849
4177
4178
3424
4179
1457
1448
4189
1442
4194
1439
4197
1436
1435
1433
4198
4199
4201
4173
4172
4162
3427
4135
1530
4138
2831
1523
1521
4143
3436
4145
1425
1517
1514
1510
1507
1500
1499
1497
1493
1488
4160
1516
1203
4348
1201
3349
2988
895
893
4532
886
885
4535
4536
4537
880
3346
4539
4547
869
862
4551
3343
858
903
4552
904
2978
971
967
4487
959
958
952
2972
2973
948
947
2974
942
2976
4505
935
931
927
4507
923
4526
4553
852
2996
792
3334
3022
4591
785
3023
780
779
4595
777
775
774
4596
767
3029
761
4600
757
755
4589
3019
3335
4583
843
4567
840
3338
3002
826
823
822
3004
4480
4574
817
4575
4579
4580
3336
805
3015
4581
3016
3005
3357
4479
977
1133
4377
2935
4379
2937
1118
1117
1116
1114
2938
1111
1110
4393
1104
2942
2943
4404
4407
1093
1138
2932
1142
1143
1195
3372
1193
1188
2922
2923
3369
1175
3368
4408
1168
2926
1164
4368
1157
1156
4369
4370
1152
4371
4367
1651
1090
1082
1022
4453
4454
1016
1008
4461
4463
1005
2964
1001
997
4468
2968
4469
988
986
984
981
4475
4451
1025
1027
1031
1078
4414
4415
1072
1070
1069
1068
4417
4418
1086
1063
1060
1056
2956
1049
1042
1040
1036
4439
4440
1062
750
3456
4072
2670
3724
2245
3727
2672
2235
2230
2674
2228
3735
3737
2224
2223
2218
2679
2680
2210
3742
3744
3515
2205
3721
3719
2319
2316
2315
3687
3690
3691
2655
2304
2303
2658
2659
2289
2286
2661
2283
3709
3715
2267
3717
3720
3752
3756
3508
3800
2127
2118
2708
2110
3808
2714
3812
3813
2715
2094
2093
2088
2087
2086
3822
3823
2080
2078
2130
3792
2701
3788
3762
2193
3764
3507
2187
3765
2183
2686
3769
2320
2687
2688
3775
3506
2691
3777
2162
2153
2152
2150
2174
2075
2324
3681
2522
3587
2516
2510
3590
2603
2505
3591
2604
3594
2499
2497
2610
3596
2493
3597
2490
2489
2483
2523
3598
2526
2534
2584
2579
3553
2576
3557
2586
2570
2569
3545
3563
3565
3567
2561
2555
2554
2548
2545
3580
2594
2528
2479
3603
2613
2393
2392
2389
2388
2387
2385
3649
3654
3657
3658
2373
3661
3662
2359
2352
2351
2651
3676
2652
2638
2635
2412
2634
2615
3533
3606
3607
3608
2459
3530
2454
3617
2326
2448
2439
2437
3635
3638
2430
2626
3526
2629
2417
2621
2073
2071
2721
1792
1787
2778
2779
3984
3986
2780
3994
3995
3996
3997
4000
4001
4002
1752
4003
2787
4006
1745
2776
1741
3473
3476
1840
3944
2770
1834
3951
1829
1828
2771
1825
1824
1822
1819
1817
3962
3965
1806
3966
3968
3972
3975
2791
2792
1735
4053
1690
1689
4054
1685
4055
1683
1680
1679
1677
4059
4062
3461
2804
3459
1665
1663
4065
4067
4052
2801
1698
4043
1733
1732
4016
1727
1726
1725
3464
1723
2795
3942
1719
1717
4028
1713
4034
1709
4037
1706
4038
4039
2796
2767
3932
1858
2737
1998
1995
1994
3864
1992
3868
1988
1985
3871
1982
1981
3880
3881
1969
1967
1964
3885
1960
3860
3857
2009
2012
2065
2063
3830
3834
2046
3844
2038
3847
3848
1956
2034
2031
2730
2029
2733
2735
3852
2016
3853
2013
2729
3457
3887
3896
1893
1892
1891
3920
1888
3922
1881
1880
1879
3924
3481
2763
1871
1870
1869
1868
1867
1863
3928
3918
3917
1898
2757
1946
3486
1941
3485
2749
3901
1932
3903
1928
3895
1927
2751
1920
3909
1913
1910
1909
1908
2754
2756
1925
4607
1291
646
432
3062
4649
81
655
121
426
82
4922
3100
4709
79
657
4753
658
3061
424
4711
4747
4745
4884
3291
642
3173
587
184
4653
3063
3198
3115
4907
84
3172
3171
232
649
650
183
588
418
237
251
252
4919
3202
65
4706
673
4761
4763
255
256
3254
258
397
261
61
4723
670
3186
249
78
238
3060
662
515
4890
4758
4647
3252
4759
126
73
412
3122
3163
179
405
417
263
641
187
613
614
4729
476
3075
4936
617
3311
3070
619
101
100
473
620
201
471
3181
3182
112
197
603
4668
4932
489
3106
486
4933
606
4722
485
607
190
189
484
4878
196
4726
3248
3292
4938
96
501
3102
4862
115
634
219
4658
591
4712
445
3193
89
222
589
444
4860
3176
630
4943
4868
4736
4870
4738
3250
464
463
4927
3308
208
457
3294
455
626
453
452
628
4942
3109
519
575
265
4803
3229
716
4837
335
334
3278
3082
311
330
19
558
3275
327
326
724
4987
4838
3330
3041
4798
3217
354
352
132
350
349
26
4629
16
4978
3328
4625
4792
345
713
3088
4793
3258
287
4631
4811
159
555
6
551
3332
154
4826
313
742
3227
312
4912
3302
150
4998
4611
4825
3032
4997
4996
3261
4994
4692
4989
3141
3086
3149
547
4832
4831
542
4617
321
3148
3242
3144
317
303
737
3303
3036
285
351
358
684
276
3052
