3411
2801
3250
885
4699
3334
3856
558
4210
1745
3860
2902
26
4786
3715
1892
1110
2938
189
3681
617
2603
4096
524
3181
1834
232
4596
2569
2787
589
369
4558
1031
2076
1330
3343
2672
742
1717
1870
2874
4811
1985
4981
2584
3962
682
2974
2479
1217
377
3041
1516
3486
424
3190
2555
3881
383
803
4729
3942
2193
3122
4480
649
4221
587
3324
3719
3198
4139
4724
1284
352
4393
571
4461
1548
1493
273
285
3775
143
4653
251
3800
4627
263
3464
1880
4286
684
1567
4617
1960
3885
935
303
4490
678
4218
1381
4709
4016
435
4647
774
3735
792
4579
1351
4451
3386
862
613
580
752
603
3923
1104
3141
2510
1871
4138
2893
1241
2499
1282
4541
1868
785
2257
1530
1879
3074
1898
893
3135
3028
201
2235
473
3584
2688
1927
4051
3047
6
3372
3859
3580
2498
1998
1600
150
3148
3852
31
347
4217
779
1909
426
773
3638
1822
4705
492
4065
4053
1116
1840
1893
1249
326
4564
1360
1678
4132
3944
4285
2714
1256
3257
357
2780
4557
822
1252
2134
1793
1605
1203
4111
959
1611
4792
2932
358
2320
3088
1665
2814
371
2631
3813
1244
1390
3922
1118
4072
44
4938
4414
3842
3061
19
2691
1551
2548
1644
4006
2944
4037
1941
2466
777
2988
3965
2153
3052
1652
412
3997
3330
4728
3171
3081
869
3311
3357
1689
417
198
3213
2756
4269
1994
4567
121
3144
1648
2796
2067
4923
705
2303
657
650
4479
3157
614
4194
4931
4122
4962
166
4052
2679
2191
3752
4570
1005
4731
619
3438
2450
1752
1336
2634
3597
139
824
4738
542
927
2715
3193
4325
3871
1021
2483
2880
2615
4467
3815
4179
4879
1775
4230
3172
3335
4745
1514
55
4055
981
1510
2652
4726
4314
4700
2866
2183
566
4583
895
354
3896
2304
2922
3617
4718
1929
1111
1908
575
3709
3531
4600
2693
1042
3895
2490
2793
2358
2373
2336
3680
4271
1806
3901
3687
2810
3690
1992
365
1787
788
1545
1216
3376
765
2321
4803
2776
4469
2112
3563
4002
695
2528
472
463
3951
3720
3128
3029
2545
1286
3015
863
1325
2300
3857
3662
1597
4714
3049
2889
2267
216
1152
4730
3674
4266
3788
3487
3466
1414
4124
2937
2073
2749
179
364
193
2779
2757
2767
3917
3264
823
3106
576
4937
3658
222
440
374
4776
4279
2359
2388
977
4323
3756
794
3803
3654
3995
1913
4946
219
4252
1642
1022
3004
2131
606
1488
1251
3743
4013
3657
1569
2978
2771
3002
1946
3591
3125
1001
249
4035
3831
3192
2237
4658
4475
3972
3838
3461
3278
3481
4453
1608
255
156
3646
4895
4580
4723
2245
3036
697
1832
484
4129
3545
750
4621
4418
4505
2178
2927
4253
4202
2013
2947
4536
2649
527
1990
1138
3519
1742
3095
3109
3459
662
2935
1183
2430
3724
3090
1713
3607
2711
2234
2849
2316
4628
1400
3808
4379
4172
3723
2352
607
2563
4919
2217
3764
3526
3858
82
1706
2973
4757
1723
1636
1969
4825
904
1403
1214
3920
1988
4199
1292
732
997
1037
1606
1193
2489
3909
2857
4878
223
2417
2980
4629
1334
4160
971
2315
4574
475
4258
4243
3986
2576
3603
89
4856
4982
1585
4064
4773
4917
4625
4957
3495
3691
578
2687
1362
2939
1146
1126
4209
3436
3338
33
937
2218
3507
1134
2883
1698
2189
2613
3872
2561
208
3660
630
1439
3868
190
4080
1248
3721
4435
1964
2754
313
1394
1999
4009
2737
2029
1433
2982
1735
4900
2078
12
4634
2100
1499
4489
397
3635
3547
4737
101
2778
808
3331
2031
405
444
3890
227
906
4998
626
3175
2845
590
3303
3996
429
651
2392
2867
3129
4043
4408
2969
4722
4
2976
4173
3201
287
809
2977
4417
1677
3212
3022
2049
2960
4339
2829
4656
3665
2516
810
749
4710
3880
312
4607
3891
3812
900
2524
658
640
4884
841
1497
3763
3010
3044
2399
1680
555
3113
1758
1853
2077
1641
162
1817
4691
4201
278
2717
2621
4581
2092
1555
2205
3564
160
2437
3636
2407
4715
4983
3882
4940
4769
4989
485
3696
2781
302
4367
3104
2246
4448
1164
384
2249
4233
547
2162
1858
2326
1492
3076
2148
4133
265
1546
123
1359
2322
4961
2187
464
525
1180
761
1378
3261
4890
4820
2626
1521
3066
1133
4684
4994
1860
2497
3553
3886
2539
1171
2907
2839
2086
4181
3203
3879
4038
1798
4759
3829
1966
4936
3844
3816
4531
4222
767
3229
4183
336
2299
252
2690
2570
3615
496
4391
57
828
4831
39
2828
1245
1182
2152
3173
1159
1983
112
4254
2989
1685
3598
3263
2540
486
447
1301
71
137
887
1515
4000
4747
345
1970
3557
1780
437
1287
4808
2782
3254
4157
4706
4711
3515
461
1910
1620
1523
685
3102
4912
3924
3974
187
2438
4736
333
3864
4922
2523
2124
2850
226
3275
817
3506
3853
1891
2655
2119
721
61
3666
65
2275
4350
204
2012
2520
1266
3966
1602
504
1725
4039
660
50
3717
3730
4907
1066
3098
2956
1457
4542
2484
2
2534
1558
4343
4368
4116
280
1114
1517
4208
311
1080
350
3032
2532
2751
880
3684
3560
1168
334
3930
73
360
142
4152
3350
2459
2827
986
2945
2327
628
2080
4459
442
4018
2228
4535
4365
3034
3608
528
3216
3762
565
3405
4690
4292
87
4370
2094
2168
1160
1971
2579
3653
3918
2913
849
2658
1664
4661
115
969
2266
2364
1635
1353
2858
271
1819
1849
2110
1068
4551
3887
3769
3701
1060
4027
560
4161
4507
1200
4969
2203
2719
3956
2284
1219
2439
4333
2659
3984
4996
2791
1765
947
2797
4578
1512
4926
2389
2079
4868
4597
2762
854
3243
1435
3609
24
592
4274
1215
4674
1016
892
4529
551
3503
