4970
1387
3069
2932
1929
3541
4864
677
1086
1099
335
3834
4751
487
44
4853
2006
2776
4435
697
1987
163
4575
2371
2797
1782
4973
2970
3160
3844
2705
4410
175
2693
4544
4996
763
3833
4059
934
2988
4790
1780
519
4418
2785
429
2143
1442
3654
3066
2539
4803
1683
3997
261
1820
2953
4463
4343
3524
1881
1416
2761
3830
3476
1669
1906
3785
1152
43
1531
2980
3197
1946
4489
909
7
1599
2831
3735
3992
1219
4323
4628
2781
3948
3819
886
2648
4701
1383
3017
4772
3720
2289
3738
4982
626
2324
1025
3047
668
1463
3413
4983
358
3258
3349
3166
2244
927
1953
3332
4404
351
1976
931
4932
2437
1106
752
1453
3591
4714
1565
3994
1062
809
1334
156
1796
4570
2399
2190
4825
4271
67
1195
3198
279
4029
1530
280
4091
3338
4332
1019
4943
145
4603
196
2964
1893
1925
607
2756
2906
641
404
329
2321
3849
2046
1578
4419
4547
4333
3157
4133
4687
360
2171
4947
469
2918
2028
4496
1126
4793
642
482
2927
738
3305
4638
223
4179
1943
614
183
2960
4067
1156
3538
3567
4475
2466
504
3468
4974
3646
1994
1001
4211
1238
4448
3763
276
1157
2283
3036
4468
713
3193
3813
4536
3095
4691
847
1144
311
3527
3156
79
2969
2112
2849
4779
3088
4591
4736
765
2135
1686
3928
3932
829
3039
2191
1606
4725
792
3895
3594
988
824
1750
55
1517
670
378
4402
1932
1792
159
3587
39
2836
1505
1859
4900
1436
4862
4115
1492
3732
3628
2520
994
2438
3744
3803
4287
2148
757
3227
2687
4755
3816
3680
4090
1075
3028
2708
1069
863
4472
4162
982
1253
3294
1998
1104
1512
2417
2127
2642
4142
684
258
4737
3203
3537
4931
1706
3435
1425
2668
3961
115
246
4467
1225
315
2505
3346
1981
823
3438
2982
4903
3141
471
3891
3563
2162
4116
1167
1098
2088
417
3264
4
1261
901
4698
1060
525
2010
224
198
3062
3965
1349
1798
2563
4391
2082
3871
3968
1725
3433
1880
330
764
1183
3742
216
4027
1390
1507
489
619
3487
3966
1711
4738
3473
749
1142
1824
4181
2968
915
1286
4368
1289
576
3213
1257
3044
2622
1066
848
1557
3880
3466
4261
374
3281
3257
4359
4504
2540
4078
1280
3531
2867
555
2736
3010
4526
2640
826
4209
937
1159
1990
184
704
4820
1602
144
4938
3837
2202
3903
2889
1648
693
4946
2009
199
2594
2058
2218
160
2193
3723
3608
4557
4334
1447
2926
250
4826
352
4634
3598
3917
4710
4194
3526
1087
4131
4039
166
2715
732
1870
2626
1171
1451
4965
1241
3136
2883
1761
2631
3448
4285
2050
4054
252
4094
463
3676
4378
2358
1305
3667
1769
449
4502
3606
3635
2610
3148
2680
1928
3638
4480
1837
125
3572
4006
1071
2996
1037
3125
3695
2737
3436
2013
1446
1909
3859
2601
3176
2937
3004
4907
3580
150
1244
1499
2336
4288
2545
2092
2373
578
3752
1817
2215
4811
4899
3558
4377
2172
1644
2979
2788
3560
4013
4440
3901
2748
906
3674
4501
890
2152
2685
3242
580
1601
3661
2234
3542
2795
3933
4043
1191
4649
222
2246
952
71
4370
2711
3636
2295
590
2284
1600
61
3824
2974
4572
737
3427
4579
251
858
97
3858
325
3081
1217
4113
3072
3020
777
3495
4879
2735
461
3967
4081
1793
4490
1927
904
3457
4728
685
3882
2877
347
778
134
3173
1717
3075
2840
2534
3539
3052
3634
4197
4884
4354
3727
1021
4837
2757
603
3086
4382
1544
2498
3302
108
1017
1732
3808
2049
2016
4730
4722
1111
1158
1825
2691
1215
2880
3701
3626
929
1040
4231
1626
4757
2719
630
3624
640
3822
143
4776
4507
3984
3248
2634
1497
421
2793
84
4183
843
4962
1985
3681
2166
4718
2866
96
1203
2039
1330
3275
2448
1605
239
3852
89
649
3848
3090
1008
1892
2869
587
477
1931
1360
456
1005
3949
775
1262
4095
3376
3842
4132
2237
4783
2665
4311
589
447
4000
2034
4583
4871
755
4716
959
1373
4172
2207
4723
2584
4798
200
3715
3998
321
1309
1611
3910
3129
4122
1707
4969
4339
4539
922
1292
1966
1285
4145
3519
2134
3555
566
2555
4706
1188
3617
622
1775
3977
958
412
1272
1982
2516
472
4139
2796
551
4898
3216
2688
3942
4052
1863
742
4792
3597
3034
4111
373
3962
237
440
2733
773
560
1385
3386
4564
673
1139
1560
4699
3590
2604
3459
615
2923
3517
2652
1252
3280
616
1652
383
1097
2217
597
386
3074
1840
4926
3186
3408
4844
3584
591
4602
4051
3324
750
3372
1868
4135
2150
2944
3135
3032
1674
4878
287
484
3800
3181
1651
1282
3881
572
1680
1969
1910
1284
3082
501
3857
2704
1540
2810
4451
3023
1727
369
4987
785
2814
1941
3357
4558
3308
3535
1251
2385
3762
3063
1834
774
4541
3812
2297
1359
3609
4895
201
4218
4838
862
2493
1400
435
1458
1381
3918
1439
3923
1860
492
2893
2526
4567
2899
1336
4786
4847
189
3165
1214
4831
1642
4758
2205
3369
1828
1567
2780
3775
3464
2659
2080
3552
903
4371
1956
2187
2036
617
3100
1136
3192
2938
2412
377
803
1054
4381
2153
4724
2031
705
3553
2076
1583
1216
3190
2261
1510
3049
3864
885
4393
4269
116
4913
3041
3709
3860
1118
2300
1114
4279
2174
4627
1031
4981
2506
4940
524
426
3019
2500
2257
4202
263
4312
1806
4385
3115
4653
3321
571
4241
424
4622
2787
1548
4016
2801
2275
3229
2902
2206
1429
3506
3856
4998
4581
219
4439
781
1745
4096
4124
2714
3847
418
4729
232
1514
3885
1612
100
1516
4596
1872
4336
4221
4658
3411
2592
690
4210
2320
285
3343
2286
558
1615
4198
1960
1110
2643
357
2603
4002
3250
