4
6
12
19
26
31
44
55
61
78
82
84
89
100
101
112
115
121
137
139
143
150
154
156
159
162
166
179
189
193
196
197
198
201
216
219
222
223
227
232
237
249
251
255
258
261
263
273
276
280
285
287
302
303
311
313
321
326
330
347
349
351
352
354
357
358
360
364
365
369
371
374
377
383
384
386
397
405
412
417
418
424
426
429
432
435
440
444
461
463
464
471
472
473
475
484
486
489
492
501
519
524
525
527
542
551
555
558
566
571
572
575
576
578
580
587
589
590
591
603
606
607
613
614
617
619
626
628
630
634
641
649
650
657
658
662
673
678
682
684
685
690
693
695
697
704
705
713
724
732
737
742
750
752
755
761
765
769
773
774
775
777
779
780
785
788
792
794
803
808
809
822
823
824
840
841
843
852
858
862
863
869
885
893
895
903
904
915
922
927
929
935
937
952
958
959
967
971
977
981
982
997
999
1001
1005
1008
1021
1022
1025
1027
1031
1037
1040
1041
1042
1060
1062
1066
1069
1078
1086
1090
1093
1104
1110
1111
1114
1116
1118
1126
1134
1138
1143
1152
1158
1159
1182
1183
1188
1193
1203
1212
1216
1217
1236
1241
1244
1245
1249
1251
1252
1256
1261
1262
1273
1282
1284
1286
1292
1309
1324
1325
1330
1334
1336
1349
1351
1359
1360
1362
1373
1381
1385
1390
1400
1403
1414
1425
1433
1436
1439
1471
1488
1493
1497
1499
1507
1510
1512
1514
1516
1517
1521
1530
1544
1545
1548
1551
1555
1567
1569
1583
1585
1597
1600
1601
1602
1605
1606
1608
1611
1612
1615
1620
1628
1636
1637
1641
1642
1644
1648
1651
1652
1665
1677
1678
1680
1689
1690
1706
1709
1713
1717
1723
1727
1732
1735
1742
1745
1752
1775
1780
1787
1792
1793
1806
1817
1819
1822
1825
1828
1829
1832
1834
1840
1858
1863
1867
1868
1870
1871
1879
1880
1881
1892
1893
1898
1908
1909
1910
1913
1925
1927
1928
1929
1932
1941
1946
1956
1960
1964
1969
1981
1985
1988
1990
1992
1994
1998
1999
2009
2013
2016
2031
2034
2039
2067
2071
2073
2076
2078
2080
2086
2087
2088
2094
2100
2112
2127
2131
2134
2152
2153
2162
2174
2183
2187
2189
2191
2193
2217
2218
2230
2234
2235
2237
2245
2249
2253
2257
2266
2267
2283
2284
2286
2289
2300
2303
2304
2320
2321
2322
2326
2336
2352
2358
2359
2371
2373
2385
2388
2392
2399
2407
2412
2417
2430
2437
2438
2439
2448
2450
2462
2466
2479
2480
2483
2489
2490
2493
2497
2498
2499
2500
2505
2510
2516
2522
2523
2524
2526
2528
2532
2539
2545
2548
2554
2555
2561
2563
2569
2576
2579
2584
2594
2603
2604
2610
2615
2621
2622
2626
2631
2634
2635
2638
2643
2649
2651
2652
2658
2659
2661
2672
2679
2680
2687
2688
2691
2693
2708
2711
2714
2715
2717
2729
2733
2735
2737
2749
2754
2756
2757
2767
2771
2776
2778
2779
2780
2787
2793
2796
2801
2810
2814
2828
2831
2849
2866
2867
2869
2874
2877
2880
2883
2889
2893
2899
2902
2922
2927
2932
2935
2937
2938
2944
2947
2953
2960
2968
2973
2974
2976
2978
2980
2988
2996
3002
3004
3015
3016
3020
3022
3028
3029
3032
3034
3035
3036
3041
3044
3047
3049
3052
3060
3061
3063
3074
3075
3081
3082
3088
3090
3095
3100
3102
3106
3109
3113
3115
3122
3125
3128
3129
3135
3136
3141
3144
3148
3157
3166
3171
3172
3181
3186
3190
3192
3193
3198
3201
3203
3213
3216
3227
3229
3240
3250
3254
3257
3258
3261
3264
3275
3278
3280
3294
3302
3307
3308
3311
3324
3328
3330
3332
3334
3335
3336
3343
3346
3349
3351
3357
3369
3372
3376
3386
3408
3410
3411
3424
3427
3433
3436
3438
3442
3454
3457
3459
3461
3464
3466
3473
3481
3486
3487
3495
3506
3507
3519
3526
3531
3533
3545
3553
3557
3560
3563
3580
3584
3590
3591
3597
3603
3606
3607
3608
3617
3635
3638
3646
3649
3654
3657
3658
3660
3661
3662
3665
3674
3676
3680
3681
3687
3690
3691
3701
3709
3715
3719
3720
3721
3723
3724
3727
3735
3742
3743
3744
3752
3756
3762
3764
3775
3788
3800
3803
3808
3812
3813
3815
3822
3824
3830
3831
3834
3838
3842
3844
3847
3848
3852
3856
3857
3858
3859
3860
3864
3871
3881
3882
3885
3891
3895
3896
3901
3903
3909
3917
3918
3920
3922
3923
3928
3932
3942
3944
3951
3962
3965
3966
3972
3984
3986
3994
3995
3997
4000
4001
4002
4006
4013
4016
4027
4037
4038
4039
4043
4051
4052
4053
4055
4064
4065
4067
4072
4080
4081
4090
4091
4094
4096
4111
4113
4122
4124
4129
4131
4132
4133
4135
4138
4139
4143
4145
4157
4160
4162
4172
4173
4179
4181
4183
4194
4197
4198
4199
4201
4202
4209
4210
4217
4218
4219
4221
4222
4230
4233
4241
4243
4252
4253
4254
4258
4266
4269
4271
4279
4285
4286
4288
4311
4314
4323
4325
4334
4336
4343
4348
4368
4370
4371
4379
4393
4404
4407
4408
4414
4417
4418
4435
4439
4440
4451
4453
4461
4463
4467
4469
4475
4479
4480
4489
4490
4505
4507
4536
4537
4539
4541
4547
4557
4558
4564
4567
4570
4575
4579
4581
4583
4589
4591
4596
4600
4617
4621
4625
4627
4628
4629
4634
4647
4649
4653
4658
4663
4684
4690
4691
4699
4700
4705
4706
4709
4714
4718
4722
4723
4724
4726
4728
4729
4730
4731
4736
4738
4745
4747
4757
4758
4769
4773
4776
4779
4786
4792
4793
4798
4803
4811
4825
4826
4831
4837
4838
4844
4856
4862
4870
4879
4884
4895
4898
4917
4919
4923
4931
4932
4937
4938
4943
4946
4957
4962
4965
4969
4981
4982
4987
4996
4997
